
 armA[1] = CFrame.new(0.389881998, -0.376049697, -0.311492026, 0.773417771, -0.553951979, 0.308159083, 0.434457928, 0.817228436, 0.378660858, -0.46159637, -0.158980876, 0.872727871) + game.Workspace.vis.armA.Position
 armA[2] = CFrame.new(0.389881998, -0.376049697, -0.311492026, 0.773417771, -0.553951979, 0.308159083, 0.434457928, 0.817228436, 0.378660858, -0.46159637, -0.158980876, 0.872727871) + game.Workspace.vis.armA.Position
 armA[3] = CFrame.new(0.389263779, -0.372159749, -0.339303434, 0.809069276, -0.512136102, 0.288311481, 0.407344609, 0.842273772, 0.353051484, -0.423647642, -0.168200955, 0.890073657) + game.Workspace.vis.armA.Position
 armA[4] = CFrame.new(0.387553483, -0.378973842, -0.345959306, 0.814903736, -0.486924708, 0.314382344, 0.398781717, 0.864653587, 0.305527627, -0.420600772, -0.123605683, 0.898786068) + game.Workspace.vis.armA.Position
 armA[5] = CFrame.new(0.383551359, -0.392069638, -0.356985211, 0.824129879, -0.443527579, 0.352268279, 0.383406401, 0.894631863, 0.229419455, -0.41690433, -0.0540095568, 0.907344162) + game.Workspace.vis.armA.Position
 armA[6] = CFrame.new(0.37640205, -0.410644561, -0.372051209, 0.836802125, -0.37746191, 0.396591365, 0.3583799, 0.925245166, 0.124439746, -0.413915485, 0.0379988998, 0.909521937) + game.Workspace.vis.armA.Position
 armA[7] = CFrame.new(0.368696749, -0.430345237, -0.383760333, 0.844586968, -0.327854842, 0.423301458, 0.339242429, 0.939333737, 0.0506622493, -0.414231122, 0.100813091, 0.904571295) + game.Workspace.vis.armA.Position
 armA[8] = CFrame.new(0.361292213, -0.451519847, -0.392252088, 0.847710371, -0.29876864, 0.438319981, 0.328849018, 0.944351137, 0.00769709796, -0.416227669, 0.137616187, 0.898786068) + game.Workspace.vis.armA.Position
 armA[9] = CFrame.new(0.354571879, -0.470299363, -0.398375511, 0.845834851, -0.285733759, 0.450465888, 0.322021097, 0.946723342, -0.00414209627, -0.425283074, 0.148563057, 0.89278388) + game.Workspace.vis.armA.Position
 armA[10] = CFrame.new(0.347308546, -0.491313756, -0.403377444, 0.83759129, -0.289720029, 0.463144898, 0.31786257, 0.947963119, 0.0181477275, -0.444302022, 0.132016048, 0.886096716) + game.Workspace.vis.armA.Position
 armA[11] = CFrame.new(0.342791051, -0.493598461, -0.4076114, 0.829499781, -0.288757771, 0.478068203, 0.309216619, 0.95025456, 0.0374387726, -0.465097129, 0.116771154, 0.877524555) + game.Workspace.vis.armA.Position
 armA[12] = CFrame.new(0.336641908, -0.490485847, -0.413804501, 0.816336036, -0.285763204, 0.501931131, 0.292930096, 0.953810632, 0.0666119233, -0.497782439, 0.0926530063, 0.862338662) + game.Workspace.vis.armA.Position
 armA[13] = CFrame.new(0.332229376, -0.480142057, -0.419917107, 0.801383734, -0.289890915, 0.523208857, 0.282938182, 0.954380035, 0.0954189599, -0.527001202, 0.0715685412, 0.846845865) + game.Workspace.vis.armA.Position
 armA[14] = CFrame.new(0.329457164, -0.462962359, -0.426076621, 0.784842253, -0.300583005, 0.541915655, 0.278989196, 0.952238619, 0.124123089, -0.553342223, 0.0537715331, 0.831216455) + game.Workspace.vis.armA.Position
 armA[15] = CFrame.new(0.328172058, -0.448488057, -0.435068995, 0.756677628, -0.349865794, 0.552298069, 0.321611136, 0.934678376, 0.151469052, -0.569214761, 0.0630119294, 0.819770813) + game.Workspace.vis.armA.Position
 armA[16] = CFrame.new(0.32712841, -0.436266661, -0.446432918, 0.711110592, -0.432370484, 0.554416418, 0.406206936, 0.89628315, 0.177967846, -0.573862076, 0.0986529142, 0.812988341) + game.Workspace.vis.armA.Position
 armA[17] = CFrame.new(0.32380107, -0.424786925, -0.459994465, 0.627225697, -0.552042544, 0.549396873, 0.541917682, 0.81598556, 0.201227993, -0.559386373, 0.171512485, 0.810968757) + game.Workspace.vis.armA.Position
 armA[18] = CFrame.new(0.312955588, -0.413994253, -0.472166032, 0.486106426, -0.688332915, 0.538422227, 0.707769871, 0.671492279, 0.219453841, -0.512603581, 0.274401009, 0.813597918) + game.Workspace.vis.armA.Position
 armA[19] = CFrame.new(0.298821181, -0.409009755, -0.478166938, 0.333907694, -0.777809262, 0.532464445, 0.826659799, 0.513066649, 0.2310763, -0.452923, 0.363008857, 0.814300537) + game.Workspace.vis.armA.Position
 armA[20] = CFrame.new(0.283688784, -0.410059929, -0.479044616, 0.1818683, -0.826900125, 0.532127678, 0.905076861, 0.352312088, 0.238142312, -0.384394974, 0.438305974, 0.812482715) + game.Workspace.vis.armA.Position
 armA[21] = CFrame.new(0.271075666, -0.415222764, -0.476662159, 0.0473513976, -0.842882454, 0.536010146, 0.947938859, 0.207094312, 0.24191691, -0.31491223, 0.496649921, 0.808807254) + game.Workspace.vis.armA.Position
 armA[22] = CFrame.new(0.26260218, -0.423284471, -0.472318053, -0.0657504499, -0.836595356, 0.543861151, 0.966489494, 0.0821468383, 0.243206948, -0.248142272, 0.541627049, 0.803159475) + game.Workspace.vis.armA.Position
 armA[23] = CFrame.new(0.25300315, -0.43338418, -0.467478335, -0.168358594, -0.8159554, 0.553056955, 0.968728721, -0.0332168788, 0.245888412, -0.182263196, 0.577159584, 0.796031892) + game.Workspace.vis.armA.Position
 armA[24] = CFrame.new(0.242759496, -0.44511041, -0.462526083, -0.259953797, -0.784437418, 0.563100517, 0.958352208, -0.138169885, 0.249940634, -0.118259206, 0.604621589, 0.787684977) + game.Workspace.vis.armA.Position
 armA[25] = CFrame.new(0.226132035, -0.458846658, -0.462390184, -0.341387808, -0.743223429, 0.575389624, 0.93654263, -0.217107087, 0.275231212, -0.0796371102, 0.632837653, 0.770178199) + game.Workspace.vis.armA.Position
 armA[26] = CFrame.new(0.214816183, -0.466324508, -0.464948744, -0.378375649, -0.72010684, 0.58161658, 0.922812581, -0.244275644, 0.297902942, -0.0724471509, 0.649442434, 0.756951571) + game.Workspace.vis.armA.Position
 armA[27] = CFrame.new(0.201085538, -0.487498224, -0.48749125, -0.390284985, -0.708525121, 0.587936878, 0.907193303, -0.186984941, 0.376877904, -0.157092094, 0.680462182, 0.715746701) + game.Workspace.vis.armA.Position
 armA[28] = CFrame.new(0.194831282, -0.505153418, -0.506959558, -0.37863183, -0.712405324, 0.590860605, 0.892619729, -0.112303704, 0.436597764, -0.244678766, 0.692723811, 0.678428769) + game.Workspace.vis.armA.Position
 armA[29] = CFrame.new(0.194986761, -0.542909086, -0.539363205, -0.317798465, -0.735914826, 0.597857714, 0.848623216, 0.0604708195, 0.525530577, -0.422898591, 0.674368501, 0.60529685) + game.Workspace.vis.armA.Position
 armA[30] = CFrame.new(0.201794147, -0.60035187, -0.569395423, -0.208215922, -0.758621454, 0.617365241, 0.738111258, 0.292272985, 0.608085871, -0.641746104, 0.582297325, 0.499091208) + game.Workspace.vis.armA.Position
 armA[31] = CFrame.new(0.205725834, -0.651456475, -0.579981506, -0.102521792, -0.757665575, 0.64454031, 0.605770886, 0.466393828, 0.644607186, -0.789006293, 0.456530035, 0.411156237) + game.Workspace.vis.armA.Position
 armA[32] = CFrame.new(0.20662795, -0.69316256, -0.577442646, -0.00417491794, -0.73744297, 0.675396562, 0.476374984, 0.592374086, 0.649738312, -0.879232287, 0.324454546, 0.348826259) + game.Workspace.vis.armA.Position
 armA[33] = CFrame.new(0.198349342, -0.721545458, -0.569942057, 0.0726535618, -0.692636847, 0.717618108, 0.384878159, 0.683257461, 0.620506227, -0.920103431, 0.231113479, 0.316221923) + game.Workspace.vis.armA.Position
 armA[34] = CFrame.new(0.182594627, -0.737251818, -0.562097907, 0.13083826, -0.631455481, 0.764294028, 0.338984638, 0.752950072, 0.56405288, -0.931649566, 0.185284227, 0.312568426) + game.Workspace.vis.armA.Position
 armA[35] = CFrame.new(0.15839079, -0.749993801, -0.554059505, 0.201050803, -0.519025803, 0.830777228, 0.311227798, 0.837996423, 0.448217809, -0.928824961, 0.168446392, 0.330015063) + game.Workspace.vis.armA.Position
 armA[36] = CFrame.new(0.141926631, -0.754340172, -0.550284863, 0.242880195, -0.435884029, 0.866610885, 0.305135101, 0.882343054, 0.358278394, -0.920815825, 0.177414671, 0.347307146) + game.Workspace.vis.armA.Position
 armA[37] = CFrame.new(0.134609312, -0.757888198, -0.542319059, 0.30310452, -0.339677453, 0.890363336, 0.291881382, 0.922502875, 0.252574235, -0.907156527, 0.183324039, 0.378760308) + game.Workspace.vis.armA.Position
 armA[38] = CFrame.new(0.141005397, -0.759484172, -0.530991256, 0.366809368, -0.259158194, 0.893469572, 0.275085896, 0.947681725, 0.161947742, -0.888694882, 0.186376929, 0.418909311) + game.Workspace.vis.armA.Position
 armA[39] = CFrame.new(0.145727396, -0.753326058, -0.489740103, 0.421783924, -0.19283554, 0.885953128, 0.240608454, 0.965894222, 0.0956867263, -0.874188662, 0.172808692, 0.453796446) + game.Workspace.vis.armA.Position
 armA[40] = CFrame.new(0.142060876, -0.741049349, -0.422753394, 0.468002677, -0.136155695, 0.873175204, 0.191365987, 0.980229914, 0.0502809435, -0.862758696, 0.143564463, 0.484805882) + game.Workspace.vis.armA.Position
 armA[41] = CFrame.new(0.112304255, -0.719170749, -0.334074676, 0.501160979, -0.0767852142, 0.861940682, 0.141079351, 0.989979208, 0.00616315007, -0.853776574, 0.118513301, 0.506971657) + game.Workspace.vis.armA.Position
 armA[42] = CFrame.new(0.0482867956, -0.687680483, -0.238599971, 0.521212637, -0.0136779398, 0.85331732, 0.0929854959, 0.994829118, -0.0408499986, -0.848346114, 0.100637659, 0.519789219) + game.Workspace.vis.armA.Position
 armA[43] = CFrame.new(-0.00415448099, -0.660082042, -0.186095789, 0.548323154, 0.0384737961, 0.835380971, 0.0725902393, 0.992980778, -0.0933785141, -0.833109975, 0.111842111, 0.541681528) + game.Workspace.vis.armA.Position
 armA[44] = CFrame.new(-0.0333659612, -0.635608554, -0.166646838, 0.584989965, 0.0733449832, 0.807717264, 0.0776602104, 0.986260772, -0.145803168, -0.8073138, 0.148020864, 0.571256638) + game.Workspace.vis.armA.Position
 armA[45] = CFrame.new(-0.027018901, -0.624171138, -0.193976611, 0.616745412, 0.0618417375, 0.784729719, 0.174927831, 0.961214006, -0.213231504, -0.767479837, 0.268780589, 0.582006514) + game.Workspace.vis.armA.Position
 armA[46] = CFrame.new(0.0240511149, -0.622753322, -0.245547473, 0.631949782, -0.0121647194, 0.774913967, 0.355282694, 0.893171489, -0.275715292, -0.68877703, 0.449551672, 0.568761349) + game.Workspace.vis.armA.Position
 armA[47] = CFrame.new(0.096787937, -0.626811266, -0.300982952, 0.586357713, -0.148693815, 0.796288073, 0.601733804, 0.738053799, -0.30527547, -0.542310834, 0.658154011, 0.522237659) + game.Workspace.vis.armA.Position
 armA[48] = CFrame.new(0.179053307, -0.639694273, -0.341151118, 0.428208232, -0.309439093, 0.849049568, 0.853546619, 0.447082937, -0.267535329, -0.296809673, 0.839264274, 0.455565214) + game.Workspace.vis.armA.Position
 armA[49] = CFrame.new(0.245795727, -0.665856957, -0.343844056, 0.272311628, -0.404492348, 0.873059154, 0.955608606, 0.219784424, -0.196232066, -0.112510338, 0.887739062, 0.446386218) + game.Workspace.vis.armA.Position
 armA[50] = CFrame.new(0.300700516, -0.697790623, -0.330701202, 0.161493465, -0.465897352, 0.869976819, 0.9867329, 0.0911273286, -0.134365529, -0.0166779757, 0.880133867, 0.474432826) + game.Workspace.vis.armA.Position
 armA[51] = CFrame.new(0.344717115, -0.725054026, -0.313697487, 0.10246978, -0.512606323, 0.852487206, 0.994718492, 0.0578754283, -0.0847653672, -0.00588698126, 0.856670916, 0.515829444) + game.Workspace.vis.armA.Position
 armA[52] = CFrame.new(0.379368484, -0.745137095, -0.297211021, 0.107503675, -0.554579914, 0.825157046, 0.992043138, 0.114536792, -0.0522669926, -0.0655246302, 0.824210227, 0.562480271) + game.Workspace.vis.armA.Position
 armA[53] = CFrame.new(0.412176639, -0.764206529, -0.284596562, 0.121831603, -0.592484653, 0.79631573, 0.981858015, 0.189387858, -0.00930782687, -0.145297915, 0.783003032, 0.604809344) + game.Workspace.vis.armA.Position
 armA[54] = CFrame.new(0.443549782, -0.78291297, -0.275148213, 0.146611959, -0.624318957, 0.76728785, 0.959071338, 0.279676348, 0.0443065688, -0.24225381, 0.729387939, 0.639770269) + game.Workspace.vis.armA.Position
 armA[55] = CFrame.new(0.47498849, -0.798880637, -0.264189214, 0.182764769, -0.653249383, 0.734753072, 0.927408874, 0.362629861, 0.0917179883, -0.326358199, 0.664653838, 0.672105312) + game.Workspace.vis.armA.Position
 armA[56] = CFrame.new(0.506325483, -0.811811805, -0.252048552, 0.227753222, -0.678196847, 0.698696971, 0.889046729, 0.43750152, 0.134863824, -0.397145212, 0.590458572, 0.702591121) + game.Workspace.vis.armA.Position
 armA[57] = CFrame.new(0.537579179, -0.820953369, -0.230103612, 0.296787798, -0.698785126, 0.650858164, 0.846839011, 0.507585883, 0.158808798, -0.441339612, 0.504039466, 0.742403865) + game.Workspace.vis.armA.Position
 armA[58] = CFrame.new(0.567741334, -0.826017559, -0.198992163, 0.385079652, -0.711140931, 0.588211179, 0.801856458, 0.573346853, 0.168224961, -0.456880689, 0.406880885, 0.791017115) + game.Workspace.vis.armA.Position
 armA[59] = CFrame.new(0.597007275, -0.820849895, -0.149069101, 0.509576559, -0.706591547, 0.490978777, 0.745076239, 0.647766709, 0.158933803, -0.430341035, 0.28482765, 0.85655129) + game.Workspace.vis.armA.Position
 armA[60] = CFrame.new(0.621438086, -0.806184411, -0.0799370855, 0.654309213, -0.670348048, 0.35001862, 0.670381367, 0.728352547, 0.141743809, -0.349954635, 0.141901731, 0.925956607) + game.Workspace.vis.armA.Position
 armA[61] = CFrame.new(0.640243411, -0.785326123, 0.00593846291, 0.791268706, -0.589857578, 0.161126882, 0.575505853, 0.807446539, 0.129703403, -0.206607878, -0.00990077853, 0.978373826) + game.Workspace.vis.armA.Position
 armA[62] = CFrame.new(0.646474838, -0.758431077, 0.106811598, 0.889028907, -0.451848805, -0.0738936067, 0.457833618, 0.878754437, 0.134830475, 0.0040114522, -0.15369916, 0.988109469) + game.Workspace.vis.armA.Position
 armA[63] = CFrame.new(0.636657178, -0.72925508, 0.199889243, 0.91154182, -0.282028079, -0.299252182, 0.34106797, 0.925069451, 0.167090416, 0.229704797, -0.254375219, 0.939430118) + game.Workspace.vis.armA.Position
 armA[64] = CFrame.new(0.611782849, -0.697925746, 0.282640457, 0.860433042, -0.091974929, -0.501194119, 0.230400801, 0.947512567, 0.221664757, 0.454500198, -0.306203246, 0.836462259) + game.Workspace.vis.armA.Position
 armA[65] = CFrame.new(0.577499211, -0.670470119, 0.33955121, 0.768634021, 0.0716588646, -0.635662317, 0.147930816, 0.94685775, 0.28561607, 0.622348845, -0.313568324, 0.717186689) + game.Workspace.vis.armA.Position
 armA[66] = CFrame.new(0.539093852, -0.649187207, 0.375551224, 0.666821182, 0.203634173, -0.716856062, 0.0891271383, 0.933244884, 0.34800905, 0.73986876, -0.295951128, 0.604158044) + game.Workspace.vis.armA.Position
 armA[67] = CFrame.new(0.513072848, -0.632368445, 0.397709846, 0.588728368, 0.302217722, -0.749708891, 0.052940838, 0.911070228, 0.408837825, 0.806595504, -0.28038463, 0.520373285) + game.Workspace.vis.armA.Position
 armA[68] = CFrame.new(0.501349032, -0.620533645, 0.41031304, 0.546529531, 0.371866107, -0.750347435, 0.0344831869, 0.885248482, 0.463838458, 0.836729646, -0.279375792, 0.470991284) + game.Workspace.vis.armA.Position
 armA[69] = CFrame.new(0.50493294, -0.612656534, 0.418564737, 0.540343225, 0.427302897, -0.724873304, 0.021831179, 0.854053676, 0.519726634, 0.84116143, -0.296655566, 0.452153563) + game.Workspace.vis.armA.Position
 armA[70] = CFrame.new(0.523717046, -0.608829677, 0.423173219, 0.56909734, 0.467617571, -0.676359296, 0.011505926, 0.817941904, 0.575185478, 0.82218951, -0.335118711, 0.46010831) + game.Workspace.vis.armA.Position
 armA[71] = CFrame.new(0.546339631, -0.609337687, 0.425299555, 0.615127981, 0.492256761, -0.615874052, -0.000638378784, 0.781453013, 0.623963535, 0.788426995, -0.383424282, 0.481007934) + game.Workspace.vis.armA.Position
 armA[72] = CFrame.new(0.57257247, -0.614289165, 0.424489409, 0.674993455, 0.499711782, -0.542836785, -0.0159149505, 0.74541682, 0.666408539, 0.737651885, -0.441182226, 0.511104345) + game.Workspace.vis.armA.Position
 armA[73] = CFrame.new(0.591914177, -0.617300749, 0.423240572, 0.719194531, 0.491535425, -0.491072536, -0.0198710747, 0.72103548, 0.692613125, 0.694524586, -0.488365442, 0.528332114) + game.Workspace.vis.armA.Position
 armA[74] = CFrame.new(0.604766667, -0.618175328, 0.421739221, 0.750932574, 0.471861988, -0.462002605, -0.0109740496, 0.708422363, 0.705703437, 0.660287678, -0.524865687, 0.537155628) + game.Workspace.vis.armA.Position
 armA[75] = CFrame.new(0.6165905, -0.613070905, 0.417802215, 0.778088093, 0.436988294, -0.451242715, 0.0120867826, 0.707813501, 0.706295848, 0.628038824, -0.555014491, 0.545459628) + game.Workspace.vis.armA.Position
 armA[76] = CFrame.new(0.627108455, -0.602046549, 0.411183268, 0.799936712, 0.387831211, -0.457917303, 0.0492202677, 0.718111813, 0.694184899, 0.598062456, -0.577842832, 0.555354774) + game.Workspace.vis.armA.Position
 armA[77] = CFrame.new(0.642735839, -0.585002422, 0.397714317, 0.824786425, 0.315187335, -0.469451129, 0.0980687439, 0.737914503, 0.667731166, 0.55687511, -0.596773982, 0.577711821) + game.Workspace.vis.armA.Position
 armA[78] = CFrame.new(0.665759265, -0.555623591, 0.36949712, 0.852390766, 0.194928437, -0.485214293, 0.172878087, 0.77068758, 0.613313854, 0.493500918, -0.606666028, 0.623228133) + game.Workspace.vis.armA.Position
 armA[79] = CFrame.new(0.67810154, -0.538520694, 0.351211607, 0.852040291, 0.119431153, -0.509670019, 0.226765782, 0.793321013, 0.564994693, 0.471809894, -0.596974015, 0.648858607) + game.Workspace.vis.armA.Position
 armA[80] = CFrame.new(0.695622802, -0.50939852, 0.318830729, 0.83208102, -0.0091830641, -0.554578125, 0.319446713, 0.825315237, 0.465627193, 0.453425705, -0.564597607, 0.689662576) + game.Workspace.vis.armA.Position
 armA[81] = CFrame.new(0.70240283, -0.487770408, 0.301561445, 0.804950237, -0.0812920183, -0.587747276, 0.374780327, 0.837608933, 0.39743042, 0.459994406, -0.540187836, 0.704700112) + game.Workspace.vis.armA.Position
 armA[82] = CFrame.new(0.709057093, -0.456353128, 0.280493975, 0.756143808, -0.175362706, -0.630471408, 0.444739193, 0.844452143, 0.298508942, 0.48005563, -0.506111085, 0.716518164) + game.Workspace.vis.armA.Position
 armA[83] = CFrame.new(0.712323368, -0.420503259, 0.260924548, 0.704544723, -0.263250977, -0.659026265, 0.503214419, 0.84013015, 0.20237723, 0.500391841, -0.474215239, 0.72438097) + game.Workspace.vis.armA.Position
 armA[84] = CFrame.new(0.712884367, -0.380941212, 0.243157879, 0.652149081, -0.34502396, -0.67502594, 0.552003205, 0.826436877, 0.110881418, 0.519609571, -0.444927663, 0.729414344) + game.Workspace.vis.armA.Position
 armA[85] = CFrame.new(0.713743567, -0.354128361, 0.227607191, 0.614429355, -0.415446848, -0.670731246, 0.581313968, 0.81316793, 0.0288465172, 0.53343302, -0.407629579, 0.741139233) + game.Workspace.vis.armA.Position
 armA[86] = CFrame.new(0.715023875, -0.339050978, 0.213759646, 0.593258262, -0.474478006, -0.650319397, 0.594843745, 0.802690506, -0.042998895, 0.542407274, -0.361328989, 0.758442938) + game.Workspace.vis.armA.Position
 armA[87] = CFrame.new(0.718983054, -0.339959711, 0.195270658, 0.58940351, -0.534531891, -0.60570538, 0.598450243, 0.792558134, -0.117084831, 0.542642355, -0.293474376, 0.787027419) + game.Workspace.vis.armA.Position
 armA[88] = CFrame.new(0.72465533, -0.3555924, 0.171752155, 0.60246098, -0.590402305, -0.537090003, 0.593332052, 0.781380773, -0.19339335, 0.533851743, -0.202160731, 0.821056187) + game.Workspace.vis.armA.Position
 armA[89] = CFrame.new(0.73152709, -0.381779462, 0.138720348, 0.629999995, -0.638749599, -0.441699922, 0.58731544, 0.764000177, -0.267141044, 0.508095086, -0.0911183059, 0.856467664) + game.Workspace.vis.armA.Position
 armA[90] = CFrame.new(0.737259746, -0.417756081, 0.0960654914, 0.668555737, -0.671290994, -0.320002615, 0.581254721, 0.740107954, -0.338205874, 0.463871062, 0.0401063859, 0.884994388) + game.Workspace.vis.armA.Position
 armA[91] = CFrame.new(0.739094317, -0.449403286, 0.0541019849, 0.710447788, -0.673540771, -0.203977019, 0.576774359, 0.723342478, -0.379614234, 0.403230906, 0.152047306, 0.902378142) + game.Workspace.vis.armA.Position
 armA[92] = CFrame.new(0.737424195, -0.477426916, 0.0131423622, 0.751260281, -0.653195083, -0.0945735723, 0.574145496, 0.717457533, -0.394476384, 0.325522542, 0.242055476, 0.91402638) + game.Workspace.vis.armA.Position
 armA[93] = CFrame.new(0.722774029, -0.503541052, -0.0274048969, 0.799197793, -0.601061344, -0.00282493234, 0.55938828, 0.745490611, -0.362392724, 0.219926268, 0.288043171, 0.932021141) + game.Workspace.vis.armA.Position
 armA[94] = CFrame.new(0.687945604, -0.534905851, -0.0732102841, 0.85467726, -0.50936234, 0.100382477, 0.516424716, 0.814310789, -0.264958978, 0.0532176271, 0.278294444, 0.959020376) + game.Workspace.vis.armA.Position
 armA[95] = CFrame.new(0.651006699, -0.552255809, -0.0980405286, 0.883525372, -0.437666029, 0.166827619, 0.464040905, 0.866316736, -0.184828147, -0.0636325777, 0.240715176, 0.968507588) + game.Workspace.vis.armA.Position
 armA[96] = CFrame.new(0.589836955, -0.575072587, -0.122999325, 0.903134108, -0.338280439, 0.264414608, 0.366568267, 0.928144097, -0.0646232218, -0.22355406, 0.155289397, 0.96224153) + game.Workspace.vis.armA.Position
 armA[97] = CFrame.new(0.537167192, -0.585940599, -0.143205523, 0.893657327, -0.267038494, 0.360647976, 0.299294889, 0.953495562, -0.0356219858, -0.334363788, 0.139773935, 0.932021499) + game.Workspace.vis.armA.Position
 armA[98] = CFrame.new(0.49314034, -0.584897637, -0.164843649, 0.871083617, -0.206077084, 0.445808649, 0.273495436, 0.957483292, -0.0917926878, -0.407938004, 0.201885745, 0.890409172) + game.Workspace.vis.armA.Position
 armA[99] = CFrame.new(0.462504685, -0.557895243, -0.192968056, 0.820568502, -0.195511177, 0.537068665, 0.341714799, 0.921051979, -0.186799943, -0.458146662, 0.336806476, 0.822595298) + game.Workspace.vis.armA.Position
 armA[100] = CFrame.new(0.441036969, -0.502699733, -0.223088279, 0.738209188, -0.214847416, 0.639443338, 0.495188236, 0.816295981, -0.297404736, -0.458078325, 0.536191702, 0.708987057) + game.Workspace.vis.armA.Position
 armA[101] = CFrame.new(0.416814089, -0.427657455, -0.244326532, 0.595418155, -0.258648276, 0.760643363, 0.689487219, 0.650500178, -0.31852299, -0.412413239, 0.714108229, 0.565654278) + game.Workspace.vis.armA.Position
 armA[102] = CFrame.new(0.381232291, -0.339147985, -0.25145179, 0.36881566, -0.294579059, 0.881588399, 0.880658567, 0.414152533, -0.230039343, -0.297347307, 0.861220479, 0.412169516) + game.Workspace.vis.armA.Position
 armA[103] = CFrame.new(0.349516809, -0.284673095, -0.248448715, 0.186539233, -0.277554959, 0.942425728, 0.963475406, 0.239288598, -0.120232604, -0.192140684, 0.9304322, 0.312054068) + game.Workspace.vis.armA.Position
 armA[104] = CFrame.new(0.32922864, -0.256920606, -0.2456287, 0.058274176, -0.251761347, 0.96603334, 0.989813745, 0.140482321, -0.0230970159, -0.129895583, 0.957539141, 0.257383376) + game.Workspace.vis.armA.Position
 armA[105] = CFrame.new(0.320827574, -0.252899081, -0.244374007, -0.00817298144, -0.221831828, 0.975050569, 0.994067669, 0.103954293, 0.0319828168, -0.108455576, 0.969527721, 0.219666272) + game.Workspace.vis.armA.Position
 armA[106] = CFrame.new(0.324731439, -0.268751204, -0.24599041, -0.0177112017, -0.19765462, 0.980111778, 0.991254926, 0.124736547, 0.0430677012, -0.130768135, 0.972303271, 0.193716943) + game.Workspace.vis.armA.Position
 armA[107] = CFrame.new(0.334141195, -0.292676151, -0.245866448, -0.0148717426, -0.171693116, 0.98503828, 0.987300336, 0.153313816, 0.0416285545, -0.158167362, 0.973147571, 0.167232543) + game.Workspace.vis.armA.Position
 armA[108] = CFrame.new(0.348635763, -0.324337244, -0.244282156, -0.00101368246, -0.14356181, 0.989640951, 0.98157686, 0.188943788, 0.0284146015, -0.191065609, 0.971437335, 0.140725493) + game.Workspace.vis.armA.Position
 armA[109] = CFrame.new(0.371739984, -0.351533592, -0.246193737, 0.031624794, -0.122394294, 0.991977692, 0.97081542, 0.239824474, -0.00135945529, -0.237733975, 0.963070035, 0.126406744) + game.Workspace.vis.armA.Position
 armA[110] = CFrame.new(0.402588665, -0.375130117, -0.251144856, 0.0819870606, -0.10561724, 0.991021276, 0.951398432, 0.304468215, -0.0462606177, -0.296848536, 0.946648836, 0.125446543) + game.Workspace.vis.armA.Position
 armA[111] = CFrame.new(0.449588448, -0.402458906, -0.257870257, 0.176816493, -0.116791353, 0.977289796, 0.903308928, 0.413563371, -0.114008583, -0.390856266, 0.902953327, 0.178623468) + game.Workspace.vis.armA.Position
 armA[112] = CFrame.new(0.510248125, -0.43656522, -0.260840178, 0.316181868, -0.138238654, 0.938572824, 0.806210399, 0.560620964, -0.189020574, -0.500053763, 0.816452146, 0.288707614) + game.Workspace.vis.armA.Position
 armA[113] = CFrame.new(0.580200315, -0.488314718, -0.246810958, 0.485440373, -0.161768049, 0.859173238, 0.640590787, 0.734598041, -0.223626837, -0.594971359, 0.658935964, 0.460230649) + game.Workspace.vis.armA.Position
 armA[114] = CFrame.new(0.652839124, -0.55499357, -0.204096437, 0.673927784, -0.152105525, 0.72296977, 0.395186692, 0.901029408, -0.178812057, -0.624218524, 0.406214356, 0.667338789) + game.Workspace.vis.armA.Position
 armA[115] = CFrame.new(0.705362916, -0.612553239, -0.150347859, 0.781143188, -0.121998556, 0.612316608, 0.199986503, 0.977942705, -0.0602800846, -0.591456294, 0.169542402, 0.788311362) + game.Workspace.vis.armA.Position
 armA[116] = CFrame.new(0.747231662, -0.661808729, -0.0959002674, 0.834531009, -0.106562652, 0.540557384, 0.0684975758, 0.993572652, 0.0901187882, -0.546686292, -0.0381800532, 0.836466551) + game.Workspace.vis.armA.Position
 armA[117] = CFrame.new(0.786281168, -0.699531496, -0.0490673222, 0.837535381, -0.165359706, 0.520759583, 0.0324894711, 0.966489494, 0.254642069, -0.545416176, -0.196352571, 0.814841509) + game.Workspace.vis.armA.Position
 armA[118] = CFrame.new(0.824073017, -0.73000133, -0.0145444423, 0.791140676, -0.308307081, 0.528245389, 0.0697434396, 0.903502285, 0.422870278, -0.607644916, -0.297708273, 0.736299872) + game.Workspace.vis.armA.Position
 armA[119] = CFrame.new(0.85706532, -0.749285281, 0.0099568218, 0.689345837, -0.51456809, 0.509923458, 0.142655924, 0.7865327, 0.600845814, -0.710247576, -0.341446877, 0.615599275) + game.Workspace.vis.armA.Position
 armA[120] = CFrame.new(0.878378272, -0.763009489, 0.0257465057, 0.451645821, -0.799215913, 0.396573037, 0.227993205, 0.533118367, 0.814741671, -0.862574816, -0.277558714, 0.422996461) + game.Workspace.vis.armA.Position
 armA[121] = CFrame.new(0.880492926, -0.771321297, 0.0288494751, 0.340425879, -0.886894464, 0.312295109, 0.232945278, 0.401329398, 0.885816753, -0.910959244, -0.2288073, 0.3432208) + game.Workspace.vis.armA.Position
 armA[122] = CFrame.new(0.878350854, -0.782414913, 0.0294855721, 0.218287677, -0.95557338, 0.198066205, 0.216084898, 0.24525103, 0.945071101, -0.951660633, -0.163498193, 0.260020256) + game.Workspace.vis.armA.Position
 armA[123] = CFrame.new(0.878287911, -0.79139185, 0.0296555981, 0.152743503, -0.982602358, 0.105651274, 0.193301737, 0.134545714, 0.971870303, -0.969176948, -0.12802425, 0.21048969) + game.Workspace.vis.armA.Position
 armA[124] = CFrame.new(0.882685542, -0.796180248, 0.0291050673, 0.140379235, -0.989119172, 0.0440070406, 0.178962424, 0.069063738, 0.981428802, -0.973789454, -0.129896715, 0.186710224) + game.Workspace.vis.armA.Position
 armA[125] = CFrame.new(0.887218833, -0.797354817, 0.0299947653, 0.138290539, -0.99037081, -0.00643732166, 0.178079262, 0.0184712429, 0.983842731, -0.974250197, -0.137202501, 0.178918898) + game.Workspace.vis.armA.Position
 armA[126] = CFrame.new(0.891937435, -0.795016587, 0.0324070491, 0.144896343, -0.988378465, -0.0459680445, 0.190724045, -0.0176873095, 0.981484413, -0.970891118, -0.150980696, 0.185944721) + game.Workspace.vis.armA.Position
 armA[127] = CFrame.new(0.895129323, -0.792902887, 0.0343709067, 0.151056781, -0.985672474, -0.0750440136, 0.19757624, -0.0442788564, 0.979287028, -0.968579113, -0.162754878, 0.188056782) + game.Workspace.vis.armA.Position
 armA[128] = CFrame.new(0.897037685, -0.79099673, 0.0358679593, 0.157138556, -0.983073652, -0.094200097, 0.198872864, -0.0619317144, 0.978066444, -0.967345297, -0.172425836, 0.185774773) + game.Workspace.vis.armA.Position
 armA[129] = CFrame.new(0.896630764, -0.789946377, 0.0366570204, 0.161986351, -0.981016099, -0.106621794, 0.192235738, -0.0746070072, 0.978508949, -0.967887521, -0.179001421, 0.17650114) + game.Workspace.vis.armA.Position
 armA[130] = CFrame.new(0.894065678, -0.789721191, 0.0367816538, 0.165701225, -0.9797225, -0.112636454, 0.177980483, -0.0826305971, 0.980558634, -0.969982564, -0.182526857, 0.160679504) + game.Workspace.vis.armA.Position
 armA[131] = CFrame.new(0.888629079, -0.788916588, 0.0369679593, 0.170299396, -0.97895956, -0.112411276, 0.164577052, -0.0842181742, 0.982762277, -0.971551597, -0.185864091, 0.146772042) + game.Workspace.vis.armA.Position
 armA[132] = CFrame.new(0.88043499, -0.787588716, 0.0372182056, 0.175582215, -0.978712738, -0.106264703, 0.151936203, -0.0797084197, 0.98517102, -0.972669661, -0.189123943, 0.134706482) + game.Workspace.vis.armA.Position
 armA[133] = CFrame.new(0.871292949, -0.78636229, 0.0372458473, 0.178616151, -0.978887796, -0.0993732512, 0.142259315, -0.0742431059, 0.987041235, -0.97358036, -0.190438181, 0.125994891) + game.Workspace.vis.armA.Position
 armA[134] = CFrame.new(0.861273289, -0.785213649, 0.0370560475, 0.179593712, -0.979445994, -0.091823265, 0.135444567, -0.067832917, 0.988460183, -0.97437197, -0.189958215, 0.120478258) + game.Workspace.vis.armA.Position
 armA[135] = CFrame.new(0.85125339, -0.784490347, 0.0364764221, 0.177762657, -0.980425894, -0.084648408, 0.129977345, -0.0618727654, 0.989584446, -0.975451708, -0.186913595, 0.116434455) + game.Workspace.vis.armA.Position
 armA[136] = CFrame.new(0.841241241, -0.784161627, 0.0355285406, 0.173301727, -0.981787443, -0.077845037, 0.125813797, -0.0563239194, 0.99045366, -0.976799607, -0.181441337, 0.113761321) + game.Workspace.vis.armA.Position
 armA[137] = CFrame.new(0.830515027, -0.783983231, 0.0340673365, 0.165105149, -0.98396796, -0.0674326867, 0.12634325, -0.0467070863, 0.990886331, -0.97815007, -0.172120184, 0.116606057) + game.Workspace.vis.armA.Position
 armA[138] = CFrame.new(0.819092512, -0.783923984, 0.0321245715, 0.153421849, -0.986710906, -0.0535120741, 0.131410256, -0.0332992747, 0.990768671, -0.979384184, -0.159037486, 0.124555215) + game.Workspace.vis.armA.Position
 armA[139] = CFrame.new(0.807162523, -0.78330946, 0.0299007855, 0.138567924, -0.989733994, -0.0350122117, 0.147377715, -0.0143516995, 0.9889763, -0.979325712, -0.142200366, 0.143876076) + game.Workspace.vis.armA.Position
 armA[140] = CFrame.new(0.794760525, -0.782093644, 0.027472619, 0.121120371, -0.992567599, -0.0118250716, 0.173825294, 0.00947981142, 0.984730959, -0.97729969, -0.121326372, 0.173681527) + game.Workspace.vis.armA.Position
 armA[141] = CFrame.new(0.782949507, -0.788532197, 0.0268297475, 0.103820346, -0.994539261, 0.0106271859, 0.2389725, 0.0353155062, 0.970383883, -0.965460181, -0.0982060358, 0.241333917) + game.Workspace.vis.armA.Position
 armA[142] = CFrame.new(0.771795988, -0.802317202, 0.0289889742, 0.0881906971, -0.995547116, 0.0332907215, 0.338988543, 0.0614219494, 0.938783348, -0.936647773, -0.0715067312, 0.342896014) + game.Workspace.vis.armA.Position
 armA[143] = CFrame.new(0.759526491, -0.831798494, 0.0378185585, 0.0789255351, -0.995563686, 0.0512223653, 0.532288492, 0.0855317041, 0.842231274, -0.842875957, -0.0392084159, 0.536677778) + game.Workspace.vis.armA.Position
 armA[144] = CFrame.new(0.752656817, -0.856005311, 0.0486448966, 0.0778480396, -0.995306969, 0.0574782453, 0.66201365, 0.0947150439, 0.743483186, -0.74543798, -0.0198273174, 0.66628015) + game.Workspace.vis.armA.Position
 armA[145] = CFrame.new(0.743183792, -0.878717661, 0.0628023744, 0.0827496126, -0.994930565, 0.0571442656, 0.808025479, 0.10054598, 0.580504298, -0.583307207, -0.00186250126, 0.812249303) + game.Workspace.vis.armA.Position
 armA[146] = CFrame.new(0.733156919, -0.89457351, 0.0771042481, 0.0909067765, -0.99475497, 0.046887476, 0.916803002, 0.10198167, 0.386098266, -0.388854921, 0.00788762979, 0.921265185) + game.Workspace.vis.armA.Position
 armA[147] = CFrame.new(0.720261514, -0.899307072, 0.0887869298, 0.103415117, -0.994390786, 0.0221881066, 0.983987749, 0.105538078, 0.143630624, -0.145166665, 0.00697924104, 0.989382565) + game.Workspace.vis.armA.Position
 armA[148] = CFrame.new(0.703530431, -0.898805022, 0.0969657302, 0.114089988, -0.993303597, -0.0182073079, 0.983491242, 0.115516096, -0.139288127, 0.140458629, -0.00201535365, 0.990084469) + game.Workspace.vis.armA.Position
 armA[149] = CFrame.new(0.681191027, -0.907397807, 0.100602612, 0.116116896, -0.990639687, -0.071762614, 0.890723467, 0.135828421, -0.433777004, 0.439464033, -0.0135518415, 0.898157954) + game.Workspace.vis.armA.Position
 armA[150] = CFrame.new(0.651607931, -0.928907633, 0.0939823836, 0.102170371, -0.985350013, -0.136552036, 0.686995387, 0.169169694, -0.706695735, 0.719443262, -0.0216073636, 0.694215238) + game.Workspace.vis.armA.Position
 armA[151] = CFrame.new(0.624396384, -0.950740695, 0.0794562995, 0.0821319446, -0.980454803, -0.17878148, 0.501071692, 0.195689887, -0.842990398, 0.861499727, -0.020345917, 0.507350504) + game.Workspace.vis.armA.Position
 armA[152] = CFrame.new(0.601915956, -0.964153349, 0.0664410889, 0.0673467964, -0.976764023, -0.203460991, 0.382570624, 0.213617921, -0.898892105, 0.921468377, -0.0173005573, 0.388067603) + game.Workspace.vis.armA.Position
 armA[153] = CFrame.new(0.584262252, -0.967852354, 0.0591045991, 0.0589044876, -0.973693967, -0.22011447, 0.328784734, 0.22711803, -0.916688681, 0.942566216, -0.0183732789, 0.333514035) + game.Workspace.vis.armA.Position
 armA[154] = CFrame.new(0.571674526, -0.961623371, 0.0592600033, 0.0588051528, -0.971327066, -0.23036027, 0.340860337, 0.236428022, -0.909898937, 0.938273132, -0.0250139795, 0.344990075) + game.Workspace.vis.armA.Position
 armA[155] = CFrame.new(0.559364498, -0.949281752, 0.0591040328, 0.0588762388, -0.968722582, -0.241060406, 0.363636136, 0.2457003, -0.898554385, 0.929678679, -0.0347547084, 0.366728365) + game.Workspace.vis.armA.Position
 armA[156] = CFrame.new(0.54735589, -0.931162119, 0.0585364997, 0.0593583211, -0.965863287, -0.252159715, 0.396239519, 0.254649788, -0.882126749, 0.916226387, -0.0475540496, 0.397828817) + game.Workspace.vis.armA.Position
 armA[157] = CFrame.new(0.536376655, -0.913159668, 0.0568738133, 0.0611691177, -0.966309905, -0.250006944, 0.428998113, 0.251612991, -0.867554843, 0.901232004, -0.0541849397, 0.429936081) + game.Workspace.vis.armA.Position
 armA[158] = CFrame.new(0.52624929, -0.895319521, 0.0540742353, 0.0635337085, -0.96986115, -0.235229284, 0.461837709, 0.237520725, -0.854569852, 0.884685993, -0.0543437637, 0.46300903) + game.Workspace.vis.armA.Position
 armA[159] = CFrame.new(0.524977267, -0.882012188, 0.0434936732, 0.0868481472, -0.981299281, -0.17178221, 0.515694499, 0.191816524, -0.835024357, 0.852359533, -0.0160668455, 0.522709548) + game.Workspace.vis.armA.Position
 armA[160] = CFrame.new(0.529551506, -0.873573184, 0.0237371325, 0.122821607, -0.990728915, -0.0580619052, 0.589152455, 0.119868204, -0.799081385, 0.79863286, 0.0639370903, 0.598412871) + game.Workspace.vis.armA.Position
 armA[161] = CFrame.new(0.537275791, -0.870587826, -0.0100281388, 0.166990697, -0.979211569, 0.115147695, 0.687673867, 0.0319816545, -0.725314975, 0.706554115, 0.200304881, 0.678718686) + game.Workspace.vis.armA.Position
 armA[162] = CFrame.new(0.539974332, -0.876625478, -0.0596745573, 0.195034027, -0.918703198, 0.343432933, 0.802470267, -0.0518550836, -0.594434679, 0.563917756, 0.391529679, 0.727118373) + game.Workspace.vis.armA.Position
 armA[163] = CFrame.new(0.529985905, -0.885175467, -0.100085765, 0.192653164, -0.837279379, 0.511710942, 0.876117945, -0.0880880728, -0.473980814, 0.441930056, 0.539632916, 0.7165851) + game.Workspace.vis.armA.Position
 armA[164] = CFrame.new(0.514222383, -0.892383575, -0.130128965, 0.181138486, -0.757325172, 0.627413213, 0.919693291, -0.0955344737, -0.38083753, 0.348357499, 0.646012068, 0.679201961) + game.Workspace.vis.armA.Position
 armA[165] = CFrame.new(0.498416662, -0.894700885, -0.14802897, 0.172235101, -0.701620281, 0.691421688, 0.941160083, -0.0899875537, -0.325760484, 0.290779531, 0.706845999, 0.644837916) + game.Workspace.vis.armA.Position
 armA[166] = CFrame.new(0.485328406, -0.89016068, -0.155281335, 0.175239876, -0.677229345, 0.714598835, 0.947467268, -0.081261389, -0.309357643, 0.267575473, 0.73127079, 0.627412498) + game.Workspace.vis.armA.Position
 armA[167] = CFrame.new(0.474017322, -0.885561526, -0.160047114, 0.18373321, -0.661278188, 0.727291763, 0.950129569, -0.0701959953, -0.303852588, 0.251984, 0.746849239, 0.615402579) + game.Workspace.vis.armA.Position
 armA[168] = CFrame.new(0.464520097, -0.880826235, -0.162531585, 0.197920725, -0.65366745, 0.730442524, 0.949464619, -0.0573510826, -0.308589965, 0.243606865, 0.754605711, 0.60928303) + game.Workspace.vis.armA.Position
 armA[169] = CFrame.new(0.452855349, -0.876209915, -0.167026207, 0.218688279, -0.635131359, 0.740799546, 0.948183775, -0.0410052761, -0.315065563, 0.230484784, 0.771315098, 0.593253911) + game.Workspace.vis.armA.Position
 armA[170] = CFrame.new(0.438943148, -0.871739507, -0.173418775, 0.245217144, -0.605397403, 0.757207453, 0.945956409, -0.0215564072, -0.323576987, 0.212215394, 0.795631588, 0.567393541) + game.Workspace.vis.armA.Position
 armA[171] = CFrame.new(0.423851728, -0.856692553, -0.182026982, 0.289746493, -0.549803317, 0.783430457, 0.938845754, 0.00415071845, -0.344312906, 0.186052531, 0.835283816, 0.517383099) + game.Workspace.vis.armA.Position
 armA[172] = CFrame.new(0.406990498, -0.831602275, -0.192539454, 0.348986983, -0.465604663, 0.813277543, 0.925145626, 0.0328412652, -0.378189236, 0.149377495, 0.884383261, 0.442213267) + game.Workspace.vis.armA.Position
 armA[173] = CFrame.new(0.389480859, -0.794143796, -0.202658981, 0.416314602, -0.358786196, 0.835436761, 0.903126895, 0.0569773763, -0.425576419, 0.105089948, 0.93167913, 0.347750008) + game.Workspace.vis.armA.Position
 armA[174] = CFrame.new(0.371523321, -0.744672596, -0.211859316, 0.487862974, -0.228727669, 0.842420936, 0.871424913, 0.071154207, -0.485340595, 0.0510689616, 0.970886528, 0.234032512) + game.Workspace.vis.armA.Position
 armA[175] = CFrame.new(0.35067749, -0.707578003, -0.218797803, 0.524932742, -0.123943649, 0.842071116, 0.851141572, 0.0742282718, -0.519661546, 0.00190335512, 0.989509165, 0.144458473) + game.Workspace.vis.armA.Position
 armA[176] = CFrame.new(0.327318281, -0.682515621, -0.224018529, 0.533923686, -0.0456463955, 0.844299555, 0.844659925, 0.0741498917, -0.530142665, -0.0384055898, 0.996201754, 0.0781460926) + game.Workspace.vis.armA.Position
 armA[177] = CFrame.new(0.301460713, -0.669760466, -0.227838129, 0.52214247, 0.00727347471, 0.852827072, 0.850232959, 0.0739591494, -0.52118516, -0.066865325, 0.997234762, 0.0324329808) + game.Workspace.vis.armA.Position
 armA[178] = CFrame.new(0.273258567, -0.669034123, -0.230712116, 0.49214223, 0.0359334201, 0.869772911, 0.866508305, 0.0755294114, -0.493415385, -0.0834234953, 0.996495962, 0.00603466481) + game.Workspace.vis.armA.Position
 armA[179] = CFrame.new(0.247304574, -0.669777095, -0.232565567, 0.461021602, 0.0555924401, 0.885645628, 0.882389426, 0.0770709962, -0.464164585, -0.0940617323, 0.995474577, -0.0135228708) + game.Workspace.vis.armA.Position
 armA[180] = CFrame.new(0.223547682, -0.6719414, -0.233566195, 0.429082036, 0.0667657703, 0.900794387, 0.897778511, 0.0782301649, -0.433443874, -0.0994086489, 0.994697034, -0.0263738073) + game.Workspace.vis.armA.Position
 armA[181] = CFrame.new(0.206723064, -0.67353934, -0.234766304, 0.401019245, 0.0702251419, 0.913373828, 0.909937859, 0.0846322328, -0.40601784, -0.105813563, 0.993934453, -0.0299613923) + game.Workspace.vis.armA.Position
 armA[182] = CFrame.new(0.196523115, -0.674484432, -0.236223891, 0.376856893, 0.0661390722, 0.92390728, 0.919282854, 0.0955907628, -0.381813467, -0.113569692, 0.993221164, -0.0247764289) + game.Workspace.vis.armA.Position
