 armA[1] = CFrame.new(0.326879561, -0.290938467, -0.114173278, 0.137379766, -0.822073162, 0.552560031, -0.118194759, 0.540258169, 0.833157301, -0.983441353, -0.179768667, -0.0229441673) + game.Workspace.vis.armA.Position
 armA[2] = CFrame.new(0.325655311, -0.29230842, -0.11115998, 0.14390564, -0.821335435, 0.551995814, -0.11784029, 0.539610147, 0.833627343, -0.982550204, -0.185011044, -0.0191334337) + game.Workspace.vis.armA.Position
 armA[3] = CFrame.new(0.323153168, -0.294876784, -0.105151623, 0.156915426, -0.819757879, 0.550794542, -0.117117316, 0.538322628, 0.834561169, -0.980643272, -0.195463091, -0.0115366727) + game.Workspace.vis.armA.Position
 armA[4] = CFrame.new(0.31791991, -0.300021946, -0.0931346714, 0.182851732, -0.81618768, 0.548090339, -0.115608685, 0.535771072, 0.836411417, -0.976319611, -0.216303259, 0.00360831618) + game.Workspace.vis.armA.Position
 armA[5] = CFrame.new(0.309902668, -0.290616661, -0.0802458823, 0.213190079, -0.810538292, 0.545506895, -0.113403112, 0.534039915, 0.837819397, -0.970407009, -0.240476936, 0.0219344869) + game.Workspace.vis.armA.Position
 armA[6] = CFrame.new(0.302960038, -0.279768109, -0.0703798383, 0.236918449, -0.805401206, 0.543321908, -0.111550748, 0.532993853, 0.838733613, -0.965104222, -0.259319425, 0.0364330113) + game.Workspace.vis.armA.Position
 armA[7] = CFrame.new(0.296815038, -0.265727282, -0.0643467158, 0.252679437, -0.801165879, 0.54248184, -0.11009787, 0.533225954, 0.838778198, -0.961265683, -0.271668077, 0.0465285927) + game.Workspace.vis.armA.Position
 armA[8] = CFrame.new(0.288412452, -0.246909514, -0.0563213006, 0.273555458, -0.795204759, 0.541125536, -0.108164355, 0.533583581, 0.838802099, -0.955755174, -0.287989378, 0.0599519461) + game.Workspace.vis.armA.Position
 armA[9] = CFrame.new(0.275986284, -0.231657729, -0.0471593216, 0.296178639, -0.788722157, 0.538698018, -0.106218331, 0.533306181, 0.8392272, -0.949208081, -0.305780768, 0.0741771609) + game.Workspace.vis.armA.Position
 armA[10] = CFrame.new(0.265526265, -0.22120741, -0.0400216021, 0.313469887, -0.783551931, 0.536454201, -0.104749881, 0.5329476, 0.839639485, -0.943803072, -0.319395185, 0.0849860981) + game.Workspace.vis.armA.Position
 armA[11] = CFrame.new(0.254014343, -0.22801958, -0.0340038911, 0.326675832, -0.779992163, 0.533755898, -0.103788689, 0.53171885, 0.840537429, -0.939420521, -0.329981029, 0.0927453861) + game.Workspace.vis.armA.Position
 armA[12] = CFrame.new(0.239825487, -0.23897478, -0.0270335078, 0.341912806, -0.775688767, 0.530474007, -0.102645695, 0.530290186, 0.841579556, -0.934108913, -0.342197716, 0.101691931) + game.Workspace.vis.armA.Position
 armA[13] = CFrame.new(0.232109383, -0.251126468, -0.0241666436, 0.348163724, -0.773863077, 0.529072762, -0.102154657, 0.529702902, 0.842009068, -0.931851089, -0.347204328, 0.105369635) + game.Workspace.vis.armA.Position
 armA[14] = CFrame.new(0.221791178, -0.267330259, -0.0203503054, 0.356474042, -0.771376848, 0.527166247, -0.101492472, 0.528923869, 0.842578769, -0.928776443, -0.353860855, 0.110258743) + game.Workspace.vis.armA.Position
 armA[15] = CFrame.new(0.216367409, -0.27911973, -0.0192849413, 0.35872972, -0.770691216, 0.526638567, -0.101299278, 0.528715551, 0.842732608, -0.927928567, -0.355661362, 0.111595564) + game.Workspace.vis.armA.Position
 armA[16] = CFrame.new(0.209176928, -0.294832081, -0.0178998262, 0.361657768, -0.769793868, 0.525947869, -0.101046681, 0.528445542, 0.842932284, -0.926818848, -0.357998312, 0.113331325) + game.Workspace.vis.armA.Position
 armA[17] = CFrame.new(0.203562587, -0.306443542, -0.0212481506, 0.354834259, -0.772937417, 0.525985241, -0.101296462, 0.527497828, 0.843495786, -0.929425538, -0.35258162, 0.108878478) + game.Workspace.vis.armA.Position
 armA[18] = CFrame.new(0.20070681, -0.31214264, -0.0240588896, 0.349067509, -0.77546519, 0.526123405, -0.10154134, 0.526833475, 0.843881488, -0.931580007, -0.347994864, 0.105158702) + game.Workspace.vis.armA.Position
 armA[19] = CFrame.new(0.198721617, -0.316558868, -0.0322147906, 0.332375765, -0.781988919, 0.52727586, -0.102572329, 0.525772989, 0.844417989, -0.937552869, -0.33474797, 0.0945437998) + game.Workspace.vis.armA.Position
 armA[20] = CFrame.new(0.196791857, -0.320695639, -0.0443502888, 0.307367206, -0.791124344, 0.528817415, -0.104201727, 0.524395406, 0.845074832, -0.945868671, -0.314851999, 0.0787454993) + game.Workspace.vis.armA.Position
 armA[21] = CFrame.new(0.197474569, -0.327013552, -0.0576754361, 0.279987037, -0.798807502, 0.532460332, -0.107053347, 0.525204837, 0.844215333, -0.954016209, -0.293370962, 0.0615355596) + game.Workspace.vis.armA.Position
 armA[22] = CFrame.new(0.19780311, -0.333397061, -0.0710579678, 0.252300739, -0.805877745, 0.535635591, -0.109886266, 0.526101112, 0.843292773, -0.961389303, -0.271622419, 0.0441808477) + game.Workspace.vis.armA.Position
 armA[23] = CFrame.new(0.198708832, -0.353392839, -0.0855622292, 0.227765232, -0.78484726, 0.576313972, -0.113473095, 0.566443324, 0.81625098, -0.967081606, -0.251309723, 0.0399570838) + game.Workspace.vis.armA.Position
 armA[24] = CFrame.new(0.198931128, -0.373453766, -0.0999990553, 0.203153461, -0.760962903, 0.616169035, -0.117252551, 0.605856717, 0.786886036, -0.972101152, -0.23210597, 0.033857055) + game.Workspace.vis.armA.Position
 armA[25] = CFrame.new(0.197570488, -0.40926978, -0.113085724, 0.188118026, -0.689176798, 0.69974786, -0.118916251, 0.691243589, 0.712770224, -0.974920809, -0.217296273, 0.0480810478) + game.Workspace.vis.armA.Position
 armA[26] = CFrame.new(0.194647864, -0.444349438, -0.126075551, 0.173445627, -0.607275844, 0.775327444, -0.121997826, 0.767947495, 0.6287871, -0.977257907, -0.203648642, 0.0591108203) + game.Workspace.vis.armA.Position
 armA[27] = CFrame.new(0.191335291, -0.485533237, -0.136601835, 0.16678074, -0.498650134, 0.850606978, -0.118805505, 0.846241176, 0.519385278, -0.978810191, -0.187680244, 0.0818943679) + game.Workspace.vis.armA.Position
 armA[28] = CFrame.new(0.18670401, -0.525062382, -0.147139087, 0.161063716, -0.380113035, 0.910808682, -0.117453046, 0.90891701, 0.400093406, -0.979930222, -0.171417788, 0.101748139) + game.Workspace.vis.armA.Position
 armA[29] = CFrame.new(0.186451629, -0.55969131, -0.154609337, 0.163287506, -0.279545993, 0.946145475, -0.101855561, 0.949115455, 0.298001915, -0.981306553, -0.145030171, 0.126505375) + game.Workspace.vis.armA.Position
 armA[30] = CFrame.new(0.186068639, -0.592920601, -0.162172377, 0.167401537, -0.175748363, 0.970097601, -0.0872672349, 0.977478802, 0.192144588, -0.982018948, -0.116823018, 0.148294404) + game.Workspace.vis.armA.Position
 armA[31] = CFrame.new(0.19202733, -0.617627919, -0.162096754, 0.192438632, -0.12001054, 0.973942995, -0.0627424419, 0.98895812, 0.134257823, -0.979301155, -0.0869439468, 0.182783991) + game.Workspace.vis.armA.Position
 armA[32] = CFrame.new(0.198268384, -0.641826093, -0.162131041, 0.2186694, -0.0657478273, 0.973581433, -0.0385588743, 0.996365845, 0.0759469494, -0.9750368, -0.0541475043, 0.215339616) + game.Workspace.vis.armA.Position
 armA[33] = CFrame.new(0.203262687, -0.661713839, -0.163495153, 0.234807163, -0.045696862, 0.970967174, -0.0198162347, 0.998461604, 0.0517829731, -0.971839905, -0.0313999355, 0.233540431) + game.Workspace.vis.armA.Position
 armA[34] = CFrame.new(0.208277926, -0.681521535, -0.164875031, 0.250886291, -0.026470758, 0.967654586, -0.0012447536, 0.999616385, 0.0276678279, -0.96801573, -0.00814598054, 0.250757098) + game.Workspace.vis.armA.Position
 armA[35] = CFrame.new(0.204486147, -0.697097719, -0.181420296, 0.205750749, -0.0223238207, 0.978349805, 0.0018437244, 0.999746919, 0.0224243086, -0.978602707, -0.00281003118, 0.205739826) + game.Workspace.vis.armA.Position
 armA[36] = CFrame.new(0.195894092, -0.723189175, -0.208426535, 0.128201023, -0.0145016648, 0.991642118, 0.00644040108, 0.999884188, 0.0137895737, -0.991727352, 0.00461872295, 0.128279567) + game.Workspace.vis.armA.Position
 armA[37] = CFrame.new(0.163860127, -0.74204421, -0.26730606, -0.06497024, -0.00335460529, 0.997881651, -0.0050181672, 0.999982834, 0.00303497724, -0.997874618, -0.00481034443, -0.0649859607) + game.Workspace.vis.armA.Position
 armA[38] = CFrame.new(0.132078394, -0.756336689, -0.307064831, -0.209975168, 0.00372123905, 0.977699637, -0.0122562647, 0.999904156, -0.00643796381, -0.9776299, -0.013334766, -0.209909454) + game.Workspace.vis.armA.Position
 armA[39] = CFrame.new(0.0192594454, -0.77077508, -0.395183027, -0.565911829, 0.0106142648, 0.824397445, -0.0352880955, 0.998688936, -0.0370819941, -0.823710203, -0.0500765443, -0.564795375) + game.Workspace.vis.armA.Position
 armA[40] = CFrame.new(-0.101960763, -0.780282974, -0.432804346, -0.810325265, 0.00377111882, 0.585968256, -0.0459501818, 0.996491075, -0.0699568093, -0.584176004, -0.0836131126, -0.807308674) + game.Workspace.vis.armA.Position
 armA[41] = CFrame.new(-0.276084006, -0.778774679, -0.41941458, -0.982703924, -0.0431540757, 0.18008545, -0.0644224659, 0.991392374, -0.113976806, -0.173616797, -0.123607017, -0.97702533) + game.Workspace.vis.armA.Position
 armA[42] = CFrame.new(-0.426776171, -0.774554431, -0.330984265, -0.960026979, -0.103093877, -0.26023078, -0.0619410872, 0.984898925, -0.161671653, 0.272968292, -0.139090165, -0.951915145) + game.Workspace.vis.armA.Position
 armA[43] = CFrame.new(-0.529498219, -0.748031735, -0.13808924, -0.663556814, -0.161270082, -0.730537057, -0.0221710652, 0.980299354, -0.19626826, 0.74779737, -0.114038378, -0.654060006) + game.Workspace.vis.armA.Position
 armA[44] = CFrame.new(-0.511691213, -0.70971781, 0.0803123415, -0.156474501, -0.196837977, -0.967869163, 0.0303490758, 0.978518963, -0.203910381, 0.987215698, -0.0612806976, -0.14713943) + game.Workspace.vis.armA.Position
 armA[45] = CFrame.new(-0.364120841, -0.65675205, 0.255405366, 0.409157395, -0.172377586, -0.896033585, 0.0741710588, 0.985026777, -0.155629143, 0.909444213, -0.00278291106, 0.415816605) + game.Workspace.vis.armA.Position
 armA[46] = CFrame.new(-0.144360974, -0.605663478, 0.320222616, 0.841968477, -0.119412027, -0.526146472, 0.0839358047, 0.992316961, -0.0908935294, 0.532957852, 0.032366991, 0.845522583) + game.Workspace.vis.armA.Position
 armA[47] = CFrame.new(-0.035163492, -0.580161572, 0.318800658, 0.953582227, -0.078327179, -0.290767342, 0.0755085498, 0.996925652, -0.0209196806, 0.291512012, -0.00200678152, 0.956564963) + game.Workspace.vis.armA.Position
 armA[48] = CFrame.new(0.0697326064, -0.557520926, 0.289179802, 0.997581542, -0.0602255762, -0.0346982926, 0.061724335, 0.997128308, 0.0438757949, 0.0319561958, -0.0459114127, 0.998434246) + game.Workspace.vis.armA.Position
 armA[49] = CFrame.new(0.125123113, -0.541050315, 0.27483207, 0.992374837, -0.0702010095, 0.101310968, 0.0550753772, 0.987889886, 0.145052671, -0.110266954, -0.138366878, 0.984223425) + game.Workspace.vis.armA.Position
 armA[50] = CFrame.new(0.178617939, -0.52432847, 0.252421528, 0.967063308, -0.106050961, 0.231390864, 0.0481088795, 0.968839169, 0.242974102, -0.249948144, -0.223839372, 0.942030728) + game.Workspace.vis.armA.Position
 armA[51] = CFrame.new(0.207234636, -0.515492022, 0.241373628, 0.943217933, -0.123441115, 0.308386773, 0.0181613564, 0.946162581, 0.323182523, -0.331677973, -0.299230784, 0.894679189) + game.Workspace.vis.armA.Position
 armA[52] = CFrame.new(0.235132158, -0.506132007, 0.228088051, 0.912559152, -0.153415978, 0.379076779, -0.0120547228, 0.916469157, 0.399923474, -0.408766747, -0.369523555, 0.834483087) + game.Workspace.vis.armA.Position
 armA[53] = CFrame.new(0.24694705, -0.505138099, 0.215011001, 0.874030471, -0.160612911, 0.458556592, -0.0639859214, 0.897513092, 0.436320871, -0.481639326, -0.410698891, 0.774176896) + game.Workspace.vis.armA.Position
 armA[54] = CFrame.new(0.257787526, -0.504107177, 0.202002943, 0.828191757, -0.174199522, 0.532684803, -0.116994947, 0.875789464, 0.468300104, -0.548097432, -0.450163603, 0.704941154) + game.Workspace.vis.armA.Position
 armA[55] = CFrame.new(0.262344837, -0.503804684, 0.189220548, 0.784691989, -0.189882725, 0.590087235, -0.147299349, 0.867546558, 0.47504288, -0.602130592, -0.459681869, 0.652787268) + game.Workspace.vis.armA.Position
 armA[56] = CFrame.new(0.266158789, -0.503527403, 0.176669329, 0.737057149, -0.207040757, 0.64333576, -0.177358687, 0.859298825, 0.4797391, -0.65214318, -0.467696309, 0.596631885) + game.Workspace.vis.armA.Position
 armA[57] = CFrame.new(0.270280778, -0.501350641, 0.167696685, 0.714599729, -0.222199455, 0.663305819, -0.178826153, 0.858679831, 0.480302304, -0.676290154, -0.461840242, 0.573877215) + game.Workspace.vis.armA.Position
 armA[58] = CFrame.new(0.274189532, -0.499156356, 0.158701628, 0.691666305, -0.237172395, 0.682163417, -0.179917678, 0.858177066, 0.480792493, -0.699447811, -0.455281287, 0.550900698) + game.Workspace.vis.armA.Position
 armA[59] = CFrame.new(0.275863171, -0.496664554, 0.156432122, 0.683787644, -0.250936776, 0.685175538, -0.173044652, 0.856452465, 0.486358881, -0.708865464, -0.451132089, 0.542208195) + game.Workspace.vis.armA.Position
 armA[60] = CFrame.new(0.277477026, -0.494158328, 0.154222578, 0.675907552, -0.264625847, 0.687838733, -0.166105643, 0.85459882, 0.492006212, -0.718023658, -0.446804583, 0.533673823) + game.Workspace.vis.armA.Position
 armA[61] = CFrame.new(0.278754056, -0.492260575, 0.153862879, 0.672967613, -0.276696771, 0.685968995, -0.157010555, 0.852823913, 0.498035073, -0.722815514, -0.442865849, 0.530478597) + game.Workspace.vis.armA.Position
 armA[62] = CFrame.new(0.280004472, -0.490354061, 0.153521523, 0.669973969, -0.288704276, 0.683947802, -0.147895023, 0.850913644, 0.504056394, -0.727503896, -0.438857168, 0.527392089) + game.Workspace.vis.armA.Position
 armA[63] = CFrame.new(0.280531049, -0.489849865, 0.154541433, 0.669299662, -0.294423074, 0.682167888, -0.141537994, 0.850798428, 0.506071985, -0.729386628, -0.435266495, 0.527767122) + game.Workspace.vis.armA.Position
 armA[64] = CFrame.new(0.28104499, -0.489359617, 0.155578941, 0.668625176, -0.300062895, 0.680369437, -0.13520363, 0.850658417, 0.508035302, -0.731204629, -0.431673646, 0.528202116) + game.Workspace.vis.armA.Position
 armA[65] = CFrame.new(0.281314433, -0.489961952, 0.157951251, 0.671123862, -0.299925148, 0.677965879, -0.131021529, 0.852125406, 0.506670833, -0.729675412, -0.428867102, 0.532585144) + game.Workspace.vis.armA.Position
 armA[66] = CFrame.new(0.281513363, -0.490429819, 0.159741491, 0.673017979, -0.299773753, 0.676152706, -0.127910063, 0.853233755, 0.505599916, -0.728481829, -0.426764548, 0.535897553) + game.Workspace.vis.armA.Position
 armA[67] = CFrame.new(0.282466918, -0.492076695, 0.163210407, 0.680338204, -0.297767073, 0.669682622, -0.121347003, 0.855367959, 0.50360781, -0.722782791, -0.423887551, 0.545806289) + game.Workspace.vis.armA.Position
 armA[68] = CFrame.new(0.283350199, -0.493590087, 0.166097552, 0.687015653, -0.295784622, 0.663717508, -0.115842797, 0.857137978, 0.501891375, -0.717349231, -0.4216941, 0.554602742) + game.Workspace.vis.armA.Position
 armA[69] = CFrame.new(0.284546793, -0.496770978, 0.168268874, 0.696314335, -0.292081416, 0.655617774, -0.109460428, 0.859550834, 0.499189824, -0.709341049, -0.4193573, 0.566546261) + game.Workspace.vis.armA.Position
 armA[70] = CFrame.new(0.285729468, -0.499980181, 0.170451418, 0.705527008, -0.288374543, 0.647357523, -0.103123456, 0.861966908, 0.49636519, -0.701139927, -0.416956782, 0.578402758) + game.Workspace.vis.armA.Position
 armA[71] = CFrame.new(0.289905787, -0.522834778, 0.150809869, 0.684958398, -0.285213858, 0.670436442, -0.100452773, 0.87443608, 0.474627018, -0.721623898, -0.392446965, 0.570301831) + game.Workspace.vis.armA.Position
 armA[72] = CFrame.new(0.293247342, -0.545992017, 0.130702868, 0.663491249, -0.280267894, 0.69370687, -0.0983154327, 0.886487663, 0.452187389, -0.741696239, -0.368224502, 0.560622215) + game.Workspace.vis.armA.Position
 armA[73] = CFrame.new(0.295713663, -0.593745947, 0.0799752101, 0.593530118, -0.270926476, 0.75783962, -0.0980237871, 0.910290062, 0.402198195, -0.798820019, -0.313003004, 0.513727248) + game.Workspace.vis.armA.Position
 armA[74] = CFrame.new(0.292696387, -0.642126381, 0.02881312, 0.518252313, -0.25157553, 0.817388535, -0.0992677137, 0.931600213, 0.349666685, -0.849446952, -0.262355864, 0.457830667) + game.Workspace.vis.armA.Position
 armA[75] = CFrame.new(0.281241596, -0.695743918, -0.0325495452, 0.419244051, -0.221594512, 0.880414963, -0.0907957107, 0.954659283, 0.283517212, -0.903322101, -0.198800787, 0.38011533) + game.Workspace.vis.armA.Position
 armA[76] = CFrame.new(0.261952579, -0.749653399, -0.092173174, 0.315364122, -0.178116426, 0.932105124, -0.0836628973, 0.973184168, 0.214272425, -0.945275605, -0.14555648, 0.292005718) + game.Workspace.vis.armA.Position
 armA[77] = CFrame.new(0.245581239, -0.778420806, -0.127473935, 0.253277332, -0.145453051, 0.95639658, -0.0592375584, 0.984445035, 0.165406331, -0.965578437, -0.0985482559, 0.24072127) + game.Workspace.vis.armA.Position
 armA[78] = CFrame.new(0.212590292, -0.825614214, -0.183053643, 0.150191575, -0.0780240968, 0.985573232, -0.0189995207, 0.996469021, 0.0817820132, -0.988474131, -0.0310083963, 0.148178846) + game.Workspace.vis.armA.Position
 armA[79] = CFrame.new(0.207081392, -0.846425951, -0.22616525, 0.141631782, -0.0849936157, 0.986263871, 0.0251903459, 0.996294081, 0.0822405517, -0.98959887, 0.0131964535, 0.143247932) + game.Workspace.vis.armA.Position
 armA[80] = CFrame.new(0.199196085, -0.868371725, -0.268664032, 0.132921174, -0.0953326672, 0.986531198, 0.0700367093, 0.993778586, 0.0865965784, -0.98864907, 0.0575828999, 0.138770998) + game.Workspace.vis.armA.Position
 armA[81] = CFrame.new(0.209848896, -0.889881015, -0.315191984, 0.158879191, -0.168074429, 0.972886801, 0.107682392, 0.982474685, 0.15214555, -0.981408179, 0.0805900246, 0.174193412) + game.Workspace.vis.armA.Position
 armA[82] = CFrame.new(0.220210135, -0.917218089, -0.358697832, 0.171847984, -0.247427464, 0.953544974, 0.14604798, 0.963647127, 0.223728001, -0.974237263, 0.100816041, 0.201737076) + game.Workspace.vis.armA.Position
 armA[83] = CFrame.new(0.224709436, -0.928300142, -0.377349615, 0.17514132, -0.272394091, 0.946111619, 0.185673416, 0.952859879, 0.239965677, -0.966876864, 0.133639872, 0.217461497) + game.Workspace.vis.armA.Position
 armA[84] = CFrame.new(0.229721814, -0.941100121, -0.394371092, 0.175723135, -0.297294438, 0.938476145, 0.224787623, 0.940241992, 0.255763888, -0.95843184, 0.166014165, 0.232050434) + game.Workspace.vis.armA.Position
 armA[85] = CFrame.new(0.222908333, -0.936808646, -0.395311564, 0.174740285, -0.251353979, 0.951991081, 0.25430727, 0.945582271, 0.202983201, -0.951206446, 0.206628978, 0.229152471) + game.Workspace.vis.armA.Position
 armA[86] = CFrame.new(0.217801899, -0.93319869, -0.395745397, 0.174954563, -0.215856463, 0.960623085, 0.276195347, 0.947255731, 0.162550405, -0.945043445, 0.236880869, 0.225345299) + game.Workspace.vis.armA.Position
 armA[87] = CFrame.new(0.210036501, -0.923994124, -0.397091627, 0.175248265, -0.159002319, 0.971599817, 0.293397218, 0.950466394, 0.102623574, -0.939790368, 0.267080158, 0.213218451) + game.Workspace.vis.armA.Position
 armA[88] = CFrame.new(0.203986064, -0.91571933, -0.398231328, 0.175725728, -0.113724977, 0.977848113, 0.303071588, 0.951310635, 0.0561746135, -0.936625898, 0.286486626, 0.201636583) + game.Workspace.vis.armA.Position
 armA[89] = CFrame.new(0.200736016, -0.897381783, -0.399455518, 0.175730631, -0.0933291614, 0.980004072, 0.30418402, 0.951928556, 0.0361102745, -0.936264277, 0.291755736, 0.195672244) + game.Workspace.vis.armA.Position
 armA[90] = CFrame.new(0.197513834, -0.878882527, -0.400664091, 0.175745279, -0.0731657222, 0.981712997, 0.305200726, 0.95214808, 0.0163256042, -0.935930669, 0.296750307, 0.189665794) + game.Workspace.vis.armA.Position
 armA[91] = CFrame.new(0.195909545, -0.771193326, -0.384412348, 0.180972502, -0.0738990232, 0.980707824, 0.351181, 0.936289847, 0.00574761629, -0.9186517, 0.343365848, 0.195394665) + game.Workspace.vis.armA.Position
 armA[92] = CFrame.new(0.194142789, -0.66341579, -0.366913706, 0.186114416, -0.0754577816, 0.979626238, 0.39677617, 0.917903543, -0.00467817485, -0.898849368, 0.389563024, 0.200774908) + game.Workspace.vis.armA.Position
 armA[93] = CFrame.new(0.199904338, -0.473785996, -0.317039937, 0.217494845, -0.0914148092, 0.971771121, 0.485682368, 0.873733222, -0.0265096761, -0.846645355, 0.477737963, 0.234431028) + game.Workspace.vis.armA.Position
 armA[94] = CFrame.new(0.201906443, -0.28724587, -0.262802392, 0.244742185, -0.11485891, 0.962760925, 0.570152879, 0.820187867, -0.0470881425, -0.78423655, 0.560445368, 0.266221702) + game.Workspace.vis.armA.Position
 armA[95] = CFrame.new(0.215381145, -0.114462689, -0.19186075, 0.311279714, -0.179114789, 0.933286011, 0.632444918, 0.772057891, -0.0627678484, -0.709308267, 0.609790385, 0.353606194) + game.Workspace.vis.armA.Position
 armA[96] = CFrame.new(0.216675252, 0.0562751889, -0.118931293, 0.362838805, -0.255594611, 0.896113515, 0.691016793, 0.71896553, -0.0747272, -0.62517494, 0.64634347, 0.437488824) + game.Workspace.vis.armA.Position
 armA[97] = CFrame.new(0.22609441, 0.155629724, 0.0253940206, 0.524598777, -0.448785573, 0.723455429, 0.714728951, 0.693863213, -0.087842457, -0.462556779, 0.563156605, 0.684759796) + game.Workspace.vis.armA.Position
 armA[98] = CFrame.new(0.185835153, 0.254908383, 0.160488725, 0.622923672, -0.615494251, 0.482838154, 0.736011088, 0.670248389, -0.0951554775, -0.265053928, 0.414648771, 0.870524228) + game.Workspace.vis.armA.Position
 armA[99] = CFrame.new(0.0634703934, 0.32091862, 0.328954339, 0.668990374, -0.743266165, -0.00264188647, 0.738392293, 0.66500175, -0.112022154, 0.0850191489, 0.0729909688, 0.993702054) + game.Workspace.vis.armA.Position
 armA[100] = CFrame.new(-0.124829337, 0.387339383, 0.405296236, 0.540977061, -0.683843911, -0.489592999, 0.735042453, 0.667332351, -0.119916081, 0.408725142, -0.294999838, 0.863665938) + game.Workspace.vis.armA.Position
 armA[101] = CFrame.new(-0.302014381, 0.434228122, 0.379387856, 0.282786608, -0.466659874, -0.838009715, 0.728065789, 0.673220158, -0.129208103, 0.624461293, -0.573587894, 0.530136764) + game.Workspace.vis.armA.Position
 armA[102] = CFrame.new(-0.441886246, 0.483199269, 0.257359952, -0.0438776165, -0.140897095, -0.989051342, 0.719249427, 0.682641268, -0.129155248, 0.693364978, -0.71704179, 0.0713875294) + game.Workspace.vis.armA.Position
 armA[103] = CFrame.new(-0.518121004, 0.518552184, 0.0587400533, -0.382781118, 0.226210535, -0.895716071, 0.714788377, 0.686766267, -0.132021487, 0.585283041, -0.690782785, -0.424573749) + game.Workspace.vis.armA.Position
 armA[104] = CFrame.new(-0.479129016, 0.558195233, -0.162747413, -0.620267153, 0.538057864, -0.570755899, 0.712975085, 0.690089345, -0.124268584, 0.327008963, -0.484014511, -0.811661899) + game.Workspace.vis.armA.Position
 armA[105] = CFrame.new(-0.340867579, 0.587921739, -0.344648033, -0.699631572, 0.708627462, -0.0914494693, 0.714376688, 0.691337526, -0.108252957, -0.0134885162, -0.141066492, -0.989908278) + game.Workspace.vis.armA.Position
 armA[106] = CFrame.new(-0.126120225, 0.622697532, -0.436238408, -0.599173129, 0.685581803, 0.413483918, 0.724027634, 0.684432089, -0.0856532753, -0.341724038, 0.248052791, -0.906473577) + game.Workspace.vis.armA.Position
 armA[107] = CFrame.new(0.0230696481, 0.638706625, -0.43674019, -0.451263666, 0.558930874, 0.695670426, 0.730905533, 0.678752244, -0.0712184012, -0.511994123, 0.476331174, -0.714822054) + game.Workspace.vis.armA.Position
 armA[108] = CFrame.new(0.162947744, 0.655404389, -0.387714088, -0.257219702, 0.362232089, 0.895893872, 0.740982354, 0.669035435, -0.0577645674, -0.620308936, 0.648983419, -0.440496743) + game.Workspace.vis.armA.Position
 armA[109] = CFrame.new(0.224327609, 0.652433813, -0.350517958, -0.145649806, 0.239563584, 0.959893405, 0.742365599, 0.667813122, -0.0540251434, -0.65397203, 0.704723179, -0.275110632) + game.Workspace.vis.armA.Position
 armA[110] = CFrame.new(0.277644336, 0.649256051, -0.303665757, -0.030904308, 0.110333875, 0.993413925, 0.744036436, 0.666201413, -0.0508455969, -0.667423904, 0.737564921, -0.102680936) + game.Workspace.vis.armA.Position
 armA[111] = CFrame.new(0.303438544, 0.635535121, -0.277073622, 0.0311814025, 0.0426112041, 0.998605132, 0.743613362, 0.666610897, -0.0516640767, -0.667882502, 0.744186938, -0.010900408) + game.Workspace.vis.armA.Position
 armA[112] = CFrame.new(0.326542705, 0.621646523, -0.248532742, 0.0926050097, -0.0246140584, 0.995398641, 0.743118525, 0.667085946, -0.052639056, -0.662720859, 0.744573891, 0.0800666511) + game.Workspace.vis.armA.Position
 armA[113] = CFrame.new(0.341096014, 0.610360622, -0.23563835, 0.166068241, -0.0247185733, 0.985804319, 0.768168867, 0.630087256, -0.113606274, -0.618334591, 0.776130676, 0.123625509) + game.Workspace.vis.armA.Position
 armA[114] = CFrame.new(0.355596632, 0.598612428, -0.221694767, 0.237480924, -0.029076051, 0.970956802, 0.788365543, 0.589744091, -0.175161615, -0.567523062, 0.80706656, 0.162975565) + game.Workspace.vis.armA.Position
 armA[115] = CFrame.new(0.374008834, 0.596160173, -0.209094465, 0.367604852, 0.00683609769, 0.929956853, 0.818306684, 0.472737461, -0.326945454, -0.441860557, 0.88117677, 0.16818656) + game.Workspace.vis.armA.Position
 armA[116] = CFrame.new(0.394514799, 0.589635968, -0.192986235, 0.49414444, 0.0225665867, 0.869086862, 0.81322062, 0.341465831, -0.47124657, -0.307397902, 0.939623117, 0.150381878) + game.Workspace.vis.armA.Position
 armA[117] = CFrame.new(0.419066787, 0.574355364, -0.171711922, 0.637681901, 0.0238648336, 0.769930184, 0.756735384, 0.167340159, -0.631940484, -0.143921375, 0.985610306, 0.0886504054) + game.Workspace.vis.armA.Position
 armA[118] = CFrame.new(0.444391936, 0.550668061, -0.147619233, 0.760814369, -0.00663083792, 0.648935854, 0.648871481, -0.00962150469, -0.760837138, 0.0112887211, 0.999931812, -0.0030176416) + game.Workspace.vis.armA.Position
 armA[119] = CFrame.new(0.463617951, 0.481206298, -0.131413281, 0.84311831, -0.0437018871, 0.535949349, 0.525740087, -0.142289251, -0.83866024, 0.112910874, 0.988859892, -0.0969908237) + game.Workspace.vis.armA.Position
 armA[120] = CFrame.new(0.48157078, 0.405988365, -0.115614653, 0.903826118, -0.0989091694, 0.416311711, 0.379465103, -0.264351398, -0.886636853, 0.197749108, 0.959341109, -0.201395094) + game.Workspace.vis.armA.Position
 armA[121] = CFrame.new(0.488214493, 0.256412953, -0.118462861, 0.928798378, -0.112485431, 0.353101581, 0.30652079, -0.302316785, -0.902579427, 0.208275571, 0.946547151, -0.246312246) + game.Workspace.vis.armA.Position
 armA[122] = CFrame.new(0.49427101, 0.105427623, -0.121863276, 0.948588669, -0.12853162, 0.289239436, 0.232419431, -0.337453425, -0.912198722, 0.214851215, 0.932526052, -0.290231198) + game.Workspace.vis.armA.Position
 armA[123] = CFrame.new(0.495074362, -0.127077043, -0.139906317, 0.955894113, -0.119166777, 0.268450528, 0.2310507, -0.259196967, -0.937780619, 0.18133384, 0.958444595, -0.220231235) + game.Workspace.vis.armA.Position
 armA[124] = CFrame.new(0.495468438, -0.361201584, -0.157200783, 0.96251297, -0.107726909, 0.248924643, 0.227658972, -0.178024247, -0.957328796, 0.14744471, 0.978111446, -0.146825641) + game.Workspace.vis.armA.Position
 armA[125] = CFrame.new(0.499688268, -0.559175968, -0.186698616, 0.966401517, -0.106595561, 0.233892381, 0.240295708, 0.0516374111, -0.969325364, 0.0912481844, 0.992960691, 0.0755169392) + game.Workspace.vis.armA.Position
 armA[126] = CFrame.new(0.503321469, -0.759507895, -0.209452406, 0.970296621, -0.10119728, 0.219734684, 0.239723459, 0.280144751, -0.929543793, 0.0325097851, 0.954608858, 0.296082884) + game.Workspace.vis.armA.Position
 armA[127] = CFrame.new(0.504092872, -0.844308615, -0.199960858, 0.971117496, -0.101392321, 0.215988025, 0.236736745, 0.522427797, -0.819161117, -0.0297814757, 0.846633911, 0.53134191) + game.Workspace.vis.armA.Position
 armA[128] = CFrame.new(0.504679382, -0.925708413, -0.181666702, 0.971996427, -0.100373909, 0.212480709, 0.217324406, 0.727948129, -0.650278032, -0.089403972, 0.678245187, 0.729376674) + game.Workspace.vis.armA.Position
 armA[129] = CFrame.new(0.505303562, -0.920323849, -0.167820066, 0.972128689, -0.100578971, 0.211777717, 0.186565012, 0.878918052, -0.438972116, -0.141983896, 0.466247588, 0.873185933) + game.Workspace.vis.armA.Position
 armA[130] = CFrame.new(0.505735219, -0.911883891, -0.153531507, 0.972226322, -0.100457884, 0.211386546, 0.154910862, 0.953247666, -0.259463847, -0.175438553, 0.285003692, 0.942334414) + game.Workspace.vis.armA.Position
 armA[131] = CFrame.new(0.506065249, -0.835823476, -0.134803444, 0.972070515, -0.0978918523, 0.213298067, 0.0992120653, 0.995055914, 0.0045324564, -0.212687194, 0.0167558938, 0.976976633) + game.Workspace.vis.armA.Position
 armA[132] = CFrame.new(0.506267905, -0.757974625, -0.11978364, 0.971689165, -0.0957309082, 0.215999439, 0.0505292863, 0.977284014, 0.205822378, -0.230796352, -0.189081103, 0.954453528) + game.Workspace.vis.armA.Position
 armA[133] = CFrame.new(0.505673051, -0.67241478, -0.100696713, 0.971950352, -0.0869395807, 0.218526691, 0.00951877981, 0.942946374, 0.332808584, -0.234993204, -0.321393311, 0.917324662) + game.Workspace.vis.armA.Position
 armA[134] = CFrame.new(0.505050421, -0.584504128, -0.0814384222, 0.971801519, -0.0784557089, 0.222365305, -0.0316684917, 0.891056597, 0.452786207, -0.233663768, -0.447060317, 0.863445699) + game.Workspace.vis.armA.Position
 armA[135] = CFrame.new(0.503666222, -0.478731006, -0.0618760884, 0.971759319, -0.0642891526, 0.22704795, -0.0624309108, 0.857844353, 0.510103285, -0.227565914, -0.509872437, 0.829604626) + game.Workspace.vis.armA.Position
 armA[136] = CFrame.new(0.502240241, -0.37228483, -0.0423339792, 0.971175849, -0.0504930243, 0.232954696, -0.0926725417, 0.820436537, 0.564177036, -0.21961157, -0.569503605, 0.792108893) + game.Workspace.vis.armA.Position
 armA[137] = CFrame.new(0.500500798, -0.284215927, -0.0250692405, 0.968895495, -0.0368286669, 0.244714648, -0.116126448, 0.805567324, 0.581012905, -0.218532026, -0.591358662, 0.776233673) + game.Workspace.vis.armA.Position
 armA[138] = CFrame.new(0.498751253, -0.196568996, -0.00784522668, 0.966085076, -0.0237613153, 0.257128626, -0.139411926, 0.790171742, 0.596819043, -0.217356965, -0.612424672, 0.76006043) + game.Workspace.vis.armA.Position
 armA[139] = CFrame.new(0.49719286, -0.161614716, 0.00442884862, 0.959840298, -0.0167667102, 0.280045539, -0.159291938, 0.789130688, 0.593210518, -0.230938733, -0.613996387, 0.75476861) + game.Workspace.vis.armA.Position
 armA[140] = CFrame.new(0.495604634, -0.127495348, 0.0165950228, 0.952907145, -0.0104209892, 0.303083003, -0.178719178, 0.788123488, 0.588999689, -0.245004818, -0.615428805, 0.749146104) + game.Workspace.vis.armA.Position
 armA[141] = CFrame.new(0.494812131, -0.136419624, 0.0219502784, 0.939493239, -0.016895378, 0.34215042, -0.196475253, 0.791606843, 0.578580737, -0.280624032, -0.610796928, 0.740389884) + game.Workspace.vis.armA.Position
 armA[142] = CFrame.new(0.493815541, -0.145857811, 0.027189346, 0.92437762, -0.0239850432, 0.380724102, -0.213130772, 0.795260489, 0.56757021, -0.316388071, -0.605793178, 0.730009139) + game.Workspace.vis.armA.Position
 armA[143] = CFrame.new(0.493461609, -0.163355738, 0.0186649337, 0.884497225, -0.0651974604, 0.461967558, -0.225154907, 0.807595253, 0.54506439, -0.408619612, -0.586122155, 0.699636221) + game.Workspace.vis.armA.Position
 armA[144] = CFrame.new(0.491431385, -0.180463389, 0.0100661805, 0.835447192, -0.105490074, 0.539351463, -0.233401045, 0.820394516, 0.521993041, -0.497546077, -0.56198281, 0.660774708) + game.Workspace.vis.armA.Position
 armA[145] = CFrame.new(0.485819876, -0.199104637, -0.0109890122, 0.747207761, -0.168502271, 0.64287442, -0.228689417, 0.843059957, 0.486776292, -0.624004483, -0.510741591, 0.591406167) + game.Workspace.vis.armA.Position
 armA[146] = CFrame.new(0.478943616, -0.212228477, -0.0261630155, 0.669096112, -0.210960031, 0.712605238, -0.220280245, 0.859479606, 0.461271524, -0.709779501, -0.465607822, 0.52860415) + game.Workspace.vis.armA.Position
 armA[147] = CFrame.new(0.458990693, -0.234264359, -0.0569422282, 0.488353014, -0.281614304, 0.825956821, -0.187440813, 0.890553117, 0.414464563, -0.852277637, -0.357223004, 0.382118344) + game.Workspace.vis.armA.Position
 armA[148] = CFrame.new(0.436316758, -0.250050426, -0.0789356604, 0.31720233, -0.321508318, 0.892196774, -0.149253681, 0.912132263, 0.381756276, -0.936539352, -0.254257649, 0.241344199) + game.Workspace.vis.armA.Position
 armA[149] = CFrame.new(0.445191771, -0.292874724, -0.0765307024, 0.327000201, -0.375302315, 0.867305577, -0.144266814, 0.887178123, 0.4382945, -0.933947504, -0.26844579, 0.235963777) + game.Workspace.vis.armA.Position
 armA[150] = CFrame.new(0.454157323, -0.335411191, -0.0739303157, 0.338529944, -0.427660763, 0.838154912, -0.138921559, 0.85827142, 0.494035274, -0.930643976, -0.283683538, 0.231139302) + game.Workspace.vis.armA.Position
 armA[151] = CFrame.new(0.473341674, -0.429344803, -0.0686368942, 0.362512529, -0.540569425, 0.759190023, -0.121695541, 0.780169547, 0.613617003, -0.923999488, -0.31483385, 0.217036337) + game.Workspace.vis.armA.Position
 armA[152] = CFrame.new(0.486461014, -0.498398542, -0.0648964942, 0.378863037, -0.617846012, 0.689005911, -0.106408395, 0.71048677, 0.695619047, -0.919314981, -0.336860329, 0.203433156) + game.Workspace.vis.armA.Position
 armA[153] = CFrame.new(0.505501091, -0.618522882, -0.060136795, 0.399831891, -0.733498752, 0.549649179, -0.0710316002, 0.573069215, 0.816422939, -0.913832188, -0.365474313, 0.177029744) + game.Workspace.vis.armA.Position
 armA[154] = CFrame.new(0.517339647, -0.713941872, -0.0571705997, 0.411126286, -0.80761826, 0.422762036, -0.0389447361, 0.447784603, 0.893292785, -0.910745978, -0.383720577, 0.152643532) + game.Workspace.vis.armA.Position
 armA[155] = CFrame.new(0.521370292, -0.776988864, -0.0580924973, 0.406967044, -0.843003631, 0.351742297, -0.0109414523, 0.380546659, 0.924696922, -0.913377404, -0.380169809, 0.145646244) + game.Workspace.vis.armA.Position
 armA[156] = CFrame.new(0.52425164, -0.839427531, -0.0591390207, 0.40048182, -0.872752011, 0.279138684, 0.0165765192, 0.311485976, 0.950106263, -0.916154861, -0.375873148, 0.139211655) + game.Workspace.vis.armA.Position
 armA[157] = CFrame.new(0.523561835, -0.863586128, -0.0598480105, 0.391002208, -0.879618883, 0.27090168, 0.0357676484, 0.308633119, 0.950508356, -0.919694483, -0.361961424, 0.152138114) + game.Workspace.vis.armA.Position
 armA[158] = CFrame.new(0.522786558, -0.887293279, -0.0604798421, 0.381320626, -0.886103272, 0.263468355, 0.0548510365, 0.306187183, 0.950389743, -0.922814131, -0.34795168, 0.165359154) + game.Workspace.vis.armA.Position
 armA[159] = CFrame.new(0.521955669, -0.895878315, -0.0575847849, 0.376188397, -0.886403382, 0.269761741, 0.0759462044, 0.319668233, 0.944481134, -0.923425436, -0.334815383, 0.187574476) + game.Workspace.vis.armA.Position
 armA[160] = CFrame.new(0.521118999, -0.904285431, -0.0546141788, 0.371165991, -0.88652122, 0.276253939, 0.0971229672, 0.332938075, 0.937933743, -0.923473537, -0.321298361, 0.209676892) + game.Workspace.vis.armA.Position
 armA[161] = CFrame.new(0.519804776, -0.903024614, -0.0503616333, 0.36293596, -0.887139082, 0.285064399, 0.129971907, 0.35112983, 0.927262247, -0.922705173, -0.299486399, 0.24274081) + game.Workspace.vis.armA.Position
 armA[162] = CFrame.new(0.518806636, -0.901977122, -0.0470893458, 0.35681954, -0.887437761, 0.291777521, 0.154744938, 0.364172429, 0.918385863, -0.921267629, -0.282546878, 0.267270356) + game.Workspace.vis.armA.Position
 armA[163] = CFrame.new(0.518183589, -0.866702676, -0.0392262191, 0.347446263, -0.892805576, 0.286668986, 0.222413033, 0.375456154, 0.899758279, -0.910940886, -0.24885878, 0.329022467) + game.Workspace.vis.armA.Position
 armA[164] = CFrame.new(0.517825484, -0.83142662, -0.0321321338, 0.33971107, -0.898055136, 0.279452026, 0.281361103, 0.38055113, 0.880918145, -0.897458851, -0.220630646, 0.381955147) + game.Workspace.vis.armA.Position
 armA[165] = CFrame.new(0.519521356, -0.755562246, -0.0222157463, 0.338625342, -0.907255411, 0.249440402, 0.365795314, 0.371183544, 0.853473246, -0.866906345, -0.197763517, 0.45756188) + game.Workspace.vis.armA.Position
 armA[166] = CFrame.new(0.520823002, -0.679589391, -0.011646457, 0.335381627, -0.916214705, 0.219248474, 0.447498918, 0.359731078, 0.818741977, -0.829013884, -0.176477522, 0.530652285) + game.Workspace.vis.armA.Position
 armA[167] = CFrame.new(0.52274096, -0.591867089, -0.00164743513, 0.333235919, -0.926644921, 0.174020708, 0.539265633, 0.338721812, 0.771012485, -0.773399353, -0.16308558, 0.612582088) + game.Workspace.vis.armA.Position
 armA[168] = CFrame.new(0.523854196, -0.504897714, 0.00917127728, 0.327028066, -0.936195612, 0.128803939, 0.624996185, 0.31649828, 0.713588595, -0.708824635, -0.152861506, 0.688622475) + game.Workspace.vis.armA.Position
 armA[169] = CFrame.new(0.52455622, -0.436109483, 0.015508011, 0.318824947, -0.944593132, 0.0780674517, 0.705132246, 0.291425109, 0.646420956, -0.633355498, -0.1510472, 0.758976638) + game.Workspace.vis.armA.Position
 armA[170] = CFrame.new(0.524440289, -0.38554126, 0.020656012, 0.309574604, -0.95001477, 0.0404422283, 0.759761333, 0.272705078, 0.590249658, -0.571774662, -0.151999861, 0.806207001) + game.Workspace.vis.armA.Position
 armA[171] = CFrame.new(0.523489892, -0.357342869, 0.0111928955, 0.292489052, -0.956121087, -0.0168099701, 0.814059734, 0.239730299, 0.528995454, -0.501753807, -0.168409675, 0.848458171) + game.Workspace.vis.armA.Position
 armA[172] = CFrame.new(0.521924853, -0.347423732, 0.00108741596, 0.275434494, -0.959416568, -0.0604637861, 0.848197937, 0.212940425, 0.484991521, -0.452433676, -0.184868574, 0.872426271) + game.Workspace.vis.armA.Position
 armA[173] = CFrame.new(0.520655513, -0.377370119, -0.0207859129, 0.263222486, -0.960521817, -0.0900645107, 0.851986647, 0.187648252, 0.488780916, -0.452584296, -0.205391929, 0.867745101) + game.Workspace.vis.armA.Position
 armA[174] = CFrame.new(0.519034386, -0.409271151, -0.0410645008, 0.249370322, -0.96109736, -0.118769512, 0.855421603, 0.16112259, 0.492232978, -0.453947365, -0.22434631, 0.862322688) + game.Workspace.vis.armA.Position
 armA[175] = CFrame.new(0.518848538, -0.439747721, -0.0505894721, 0.247101665, -0.960669756, -0.126706317, 0.852235675, 0.153235435, 0.500213385, -0.461123884, -0.231587186, 0.856581688) + game.Workspace.vis.armA.Position
 armA[176] = CFrame.new(0.518646657, -0.470595479, -0.0595652908, 0.244779393, -0.960223377, -0.134365454, 0.848938584, 0.14530839, 0.508122623, -0.468386829, -0.238446042, 0.850739121) + game.Workspace.vis.armA.Position
 armA[177] = CFrame.new(0.520351529, -0.486835957, -0.0570458546, 0.256404519, -0.958198845, -0.126931429, 0.846676171, 0.159307599, 0.507701159, -0.466257513, -0.237646714, 0.852131367) + game.Workspace.vis.armA.Position
 armA[178] = CFrame.new(0.522045135, -0.502939463, -0.0544105396, 0.268151045, -0.955956519, -0.119340122, 0.8442536, 0.173514858, 0.50707835, -0.464037597, -0.236726925, 0.853597879) + game.Workspace.vis.armA.Position
 armA[179] = CFrame.new(0.524270535, -0.519033074, -0.0522632003, 0.284037411, -0.952438056, -0.110383675, 0.838512599, 0.190915972, 0.510340869, -0.464994073, -0.237513945, 0.852858603) + game.Workspace.vis.armA.Position
 armA[180] = CFrame.new(0.526440263, -0.535167396, -0.0501153283, 0.29986012, -0.94858408, -0.101352051, 0.832440972, 0.208282769, 0.513478637, -0.465967774, -0.238341376, 0.852095902) + game.Workspace.vis.armA.Position
