
 armA[1] = CFrame.new(0.342277706, -0.720619082, -0.204569101, 0.607395768, 0.194995195, 0.770095646, 0.370169759, 0.788255334, -0.491556555, -0.702883184, 0.583635509, 0.406601608) + game.Workspace.vis.armA.Position
 armA[2] = CFrame.new(0.348658979, -0.716120005, -0.201838493, 0.637245834, 0.180365026, 0.749257147, 0.353344172, 0.795634925, -0.492049754, -0.684883714, 0.578302264, 0.443284065) + game.Workspace.vis.armA.Position
 armA[3] = CFrame.new(0.354861021, -0.711609662, -0.198776305, 0.666225016, 0.165955693, 0.727050722, 0.336608261, 0.803042889, -0.491748899, -0.665461421, 0.572346747, 0.479145169) + game.Workspace.vis.armA.Position
 armA[4] = CFrame.new(0.380237341, -0.690488219, -0.180313051, 0.788285494, 0.102628589, 0.606690288, 0.259368211, 0.838692367, -0.478876948, -0.557973027, 0.534847975, 0.634510517) + game.Workspace.vis.armA.Position
 armA[5] = CFrame.new(0.404829174, -0.658863664, -0.14341715, 0.918076754, 0.0276591182, 0.395436496, 0.157984823, 0.889382362, -0.42899856, -0.363560021, 0.456326574, 0.812151551) + game.Workspace.vis.armA.Position
 armA[6] = CFrame.new(0.409932703, -0.636232495, -0.116517127, 0.967951894, -0.00522364071, 0.251081526, 0.104228079, 0.917968333, -0.382714868, -0.228485733, 0.39661932, 0.889093578) + game.Workspace.vis.armA.Position
 armA[7] = CFrame.new(0.407546073, -0.610996902, -0.0875578523, 0.994381726, -0.027241528, 0.102287635, 0.0594736561, 0.943156362, -0.326984644, -0.0875656679, 0.331230998, 0.939477623) + game.Workspace.vis.armA.Position
 armA[8] = CFrame.new(0.402183443, -0.606946766, -0.0830456316, 0.996500015, -0.027159771, 0.0790570751, 0.0510039516, 0.946849048, -0.317608953, -0.0662289262, 0.32052958, 0.944920361) + game.Workspace.vis.armA.Position
 armA[9] = CFrame.new(0.394846708, -0.601453543, -0.0769115761, 0.998489022, -0.0267117321, 0.0480224825, 0.040113952, 0.951587677, -0.304748744, -0.0375572406, 0.30621466, 0.951221347) + game.Workspace.vis.armA.Position
 armA[10] = CFrame.new(0.367351413, -0.606270909, -0.0802191049, 0.999777734, 0.00456443196, 0.0205834955, 0.00240415102, 0.945234835, -0.326382071, -0.0209459886, 0.326359004, 0.945013881) + game.Workspace.vis.armA.Position
 armA[11] = CFrame.new(0.323430806, -0.623244345, -0.0962770432, 0.997855008, 0.0648638457, 0.00884063821, -0.056371849, 0.920057952, -0.387705684, -0.0332819857, 0.386375666, 0.92174083) + game.Workspace.vis.armA.Position
 armA[12] = CFrame.new(0.259007603, -0.651828051, -0.126201645, 0.988268137, 0.152262077, -0.0119314827, -0.139125437, 0.865262687, -0.481627047, -0.0630096644, 0.477636606, 0.87629503) + game.Workspace.vis.armA.Position
 armA[13] = CFrame.new(0.193960577, -0.677193165, -0.156013504, 0.971159041, 0.234588012, -0.0426419266, -0.216693103, 0.793774605, -0.568300843, -0.0994685069, 0.561150789, 0.821715176) + game.Workspace.vis.armA.Position
 armA[14] = CFrame.new(0.152366728, -0.698454082, -0.175484374, 0.961990416, 0.269020885, -0.0469259173, -0.242110088, 0.760708392, -0.602250338, -0.126320973, 0.590720296, 0.796926975) + game.Workspace.vis.armA.Position
 armA[15] = CFrame.new(0.110635661, -0.719097972, -0.194726586, 0.951622903, 0.302662671, -0.0530013628, -0.266033083, 0.725252509, -0.635007918, -0.153753877, 0.618388295, 0.770685077) + game.Workspace.vis.armA.Position
 armA[16] = CFrame.new(0.0612230189, -0.741813302, -0.222619638, 0.939024031, 0.3434681, 0.0162340719, -0.248537004, 0.710599065, -0.658238947, -0.237619996, 0.614067316, 0.752633989) + game.Workspace.vis.armA.Position
 armA[17] = CFrame.new(0.00194887444, -0.766654074, -0.258505285, 0.907752454, 0.387962043, 0.159595966, -0.18987833, 0.719212353, -0.668341041, -0.37407434, 0.576384425, 0.72653234) + game.Workspace.vis.armA.Position
 armA[18] = CFrame.new(-0.0457583927, -0.776768565, -0.294057697, 0.833070338, 0.419380784, 0.360712469, -0.0952153653, 0.751067281, -0.65332377, -0.544910848, 0.509919345, 0.665623367) + game.Workspace.vis.armA.Position
 armA[19] = CFrame.new(-0.0983547494, -0.787416875, -0.326542497, 0.717679679, 0.436275214, 0.542770565, -0.00560992304, 0.78302139, -0.621969402, -0.696350694, 0.443329901, 0.564406037) + game.Workspace.vis.armA.Position
 armA[20] = CFrame.new(-0.112167299, -0.793659806, -0.344491124, 0.669311464, 0.416765749, 0.615084052, 0.0488781855, 0.801366329, -0.596173525, -0.741372347, 0.429089904, 0.51599288) + game.Workspace.vis.armA.Position
 armA[21] = CFrame.new(-0.123203456, -0.798487484, -0.357660323, 0.628724813, 0.401616693, 0.665889561, 0.0881644413, 0.813972652, -0.574173629, -0.772613704, 0.419705123, 0.476356596) + game.Workspace.vis.armA.Position
 armA[22] = CFrame.new(-0.12592265, -0.800404549, -0.380132467, 0.590130985, 0.381278932, 0.711597979, 0.147035554, 0.815941691, -0.559124172, -0.793804765, 0.434586734, 0.425450921) + game.Workspace.vis.armA.Position
 armA[23] = CFrame.new(-0.0836190432, -0.787460566, -0.422790915, 0.611353338, 0.356527597, 0.706494987, 0.249948055, 0.760068655, -0.599851489, -0.750848234, 0.543308139, 0.375557125) + game.Workspace.vis.armA.Position
 armA[24] = CFrame.new(-0.029274568, -0.765482783, -0.451684147, 0.661056161, 0.350982368, 0.663186312, 0.309389412, 0.677715898, -0.667067707, -0.683580935, 0.64615202, 0.339418054) + game.Workspace.vis.armA.Position
 armA[25] = CFrame.new(0.0243073907, -0.746368289, -0.472298294, 0.704945028, 0.335794985, 0.624735475, 0.363342464, 0.585492432, -0.724693656, -0.609126449, 0.737861991, 0.2907314) + game.Workspace.vis.armA.Position
 armA[26] = CFrame.new(0.046209082, -0.737579823, -0.48099795, 0.724747539, 0.297385722, 0.621532738, 0.397317201, 0.556598783, -0.729614258, -0.562921166, 0.775731742, 0.285237134) + game.Workspace.vis.armA.Position
 armA[27] = CFrame.new(0.0742041022, -0.726022243, -0.490529478, 0.744997382, 0.245686442, 0.620174885, 0.441865891, 0.514731646, -0.734714687, -0.49973312, 0.821394801, 0.274913251) + game.Workspace.vis.armA.Position
 armA[28] = CFrame.new(0.0999169722, -0.70680213, -0.499452174, 0.747300982, 0.163025022, 0.644177139, 0.516034126, 0.468366802, -0.717175901, -0.418628693, 0.8683635, 0.265884519) + game.Workspace.vis.armA.Position
 armA[29] = CFrame.new(0.116109803, -0.662707865, -0.510727406, 0.684292674, 0.000567566603, 0.729206979, 0.67083925, 0.391529381, -0.629824698, -0.285863549, 0.9201653, 0.267539978) + game.Workspace.vis.armA.Position
 armA[30] = CFrame.new(0.120164692, -0.602567315, -0.521940887, 0.545239687, -0.158805609, 0.823100626, 0.824969769, 0.27593255, -0.493240446, -0.148790836, 0.947967291, 0.281459272) + game.Workspace.vis.armA.Position
 armA[31] = CFrame.new(0.115923211, -0.566685677, -0.528152764, 0.439866275, -0.231136024, 0.867809772, 0.895232201, 0.189520359, -0.403288186, -0.0712530911, 0.954284132, 0.290284038) + game.Workspace.vis.armA.Position
 armA[32] = CFrame.new(0.110431015, -0.540679038, -0.54669106, 0.348636985, -0.280032545, 0.894446015, 0.936927557, 0.129458994, -0.324664503, -0.0248775482, 0.951221347, 0.307504416) + game.Workspace.vis.armA.Position
 armA[33] = CFrame.new(0.106564432, -0.526448548, -0.563351572, 0.293025166, -0.305750072, 0.905898988, 0.956093907, 0.0981816947, -0.276124209, -0.00451779366, 0.947036028, 0.321095407) + game.Workspace.vis.armA.Position
 armA[34] = CFrame.new(0.108061738, -0.521755576, -0.590777814, 0.271295965, -0.322711408, 0.906783223, 0.96238637, 0.105172813, -0.25050199, -0.0145290792, 0.940636039, 0.339106023) + game.Workspace.vis.armA.Position
 armA[35] = CFrame.new(0.115385413, -0.526502252, -0.628443003, 0.284594387, -0.333089828, 0.89892, 0.957118034, 0.151681244, -0.246814996, -0.0541376472, 0.930614769, 0.361973941) + game.Workspace.vis.armA.Position
 armA[36] = CFrame.new(0.128804326, -0.533787966, -0.649463296, 0.329138339, -0.338665098, 0.881461143, 0.939172685, 0.214377761, -0.26832211, -0.0980944633, 0.916159391, 0.388624907) + game.Workspace.vis.armA.Position
 armA[37] = CFrame.new(0.149852902, -0.547539771, -0.683050811, 0.403229743, -0.338290036, 0.850274086, 0.899451792, 0.31760481, -0.300189316, -0.168500096, 0.885825634, 0.432343245) + game.Workspace.vis.armA.Position
 armA[38] = CFrame.new(0.173734277, -0.568085074, -0.706750691, 0.499501437, -0.322130561, 0.804195404, 0.830657363, 0.44167152, -0.339020252, -0.245981395, 0.837351859, 0.488195658) + game.Workspace.vis.armA.Position
 armA[39] = CFrame.new(0.193924353, -0.590765059, -0.727532625, 0.589683115, -0.28614077, 0.755246699, 0.743473351, 0.557596803, -0.369233608, -0.315470278, 0.779236555, 0.541543365) + game.Workspace.vis.armA.Position
 armA[40] = CFrame.new(0.215672344, -0.595114231, -0.720028877, 0.663921177, -0.284020662, 0.691766798, 0.657309532, 0.662759662, -0.358739614, -0.356585592, 0.692879558, 0.626709521) + game.Workspace.vis.armA.Position
 armA[41] = CFrame.new(0.242743358, -0.605938971, -0.696194887, 0.780388236, -0.235858932, 0.579106987, 0.485335112, 0.812422514, -0.323140115, -0.394263983, 0.53323555, 0.748475552) + game.Workspace.vis.armA.Position
 armA[42] = CFrame.new(0.259893537, -0.591844082, -0.62971437, 0.855865896, -0.236691684, 0.459859341, 0.370092303, 0.901372075, -0.2248559, -0.361282885, 0.362636894, 0.859051347) + game.Workspace.vis.armA.Position
 armA[43] = CFrame.new(0.262336433, -0.58295238, -0.551954091, 0.922820151, -0.187865406, 0.336317778, 0.239380002, 0.963663101, -0.11853607, -0.301828146, 0.189895153, 0.934258819) + game.Workspace.vis.armA.Position
 armA[44] = CFrame.new(0.260124564, -0.601357579, -0.516498744, 0.939914525, -0.175831318, 0.292649746, 0.185329437, 0.982664526, -0.00482021272, -0.286729008, 0.0587672591, 0.956207514) + game.Workspace.vis.armA.Position
 armA[45] = CFrame.new(0.255188465, -0.619200647, -0.479168594, 0.955395103, -0.153124183, 0.252533406, 0.128969878, 0.985564947, 0.109675176, -0.265681982, -0.0722139031, 0.961352348) + game.Workspace.vis.armA.Position
 armA[46] = CFrame.new(0.252130628, -0.652519584, -0.451500535, 0.960973024, -0.148470834, 0.233425349, 0.0854229555, 0.961800098, 0.260083586, -0.263123363, -0.229993477, 0.93694675) + game.Workspace.vis.armA.Position
 armA[47] = CFrame.new(0.252971709, -0.69855243, -0.435194075, 0.958258986, -0.169748694, 0.230054438, 0.0537666604, 0.897302687, 0.438128918, -0.280800313, -0.407471716, 0.868975341) + game.Workspace.vis.armA.Position
 armA[48] = CFrame.new(0.255289257, -0.710947871, -0.431157827, 0.953208447, -0.204120591, 0.222999007, 0.067924872, 0.863386512, 0.499950051, -0.294584394, -0.46140933, 0.836852133) + game.Workspace.vis.armA.Position
 armA[49] = CFrame.new(0.258709639, -0.730831325, -0.425500989, 0.94353193, -0.259852529, 0.205484897, 0.0894161463, 0.797010422, 0.597309768, -0.318986058, -0.545207143, 0.775239885) + game.Workspace.vis.armA.Position
 armA[50] = CFrame.new(0.261859775, -0.726813197, -0.430774212, 0.930946946, -0.312210143, 0.189374283, 0.131464362, 0.770404696, 0.623853803, -0.340668321, -0.555878878, 0.758250475) + game.Workspace.vis.armA.Position
 armA[51] = CFrame.new(0.265093863, -0.721211016, -0.4382146, 0.910229802, -0.379793078, 0.165042028, 0.185470998, 0.730243027, 0.65752995, -0.370246053, -0.567892849, 0.735129654) + game.Workspace.vis.armA.Position
 armA[52] = CFrame.new(0.252406597, -0.69113791, -0.462354243, 0.867572546, -0.471336663, 0.158617958, 0.258665144, 0.700093269, 0.665553808, -0.424747169, -0.536387324, 0.729299963) + game.Workspace.vis.armA.Position
 armA[53] = CFrame.new(0.226625785, -0.643922865, -0.499121726, 0.792120159, -0.588877738, 0.160526559, 0.352673143, 0.656233847, 0.667067349, -0.498164028, -0.471784085, 0.727497339) + game.Workspace.vis.armA.Position
 armA[54] = CFrame.new(0.177344173, -0.580941916, -0.549666762, 0.68967551, -0.693030655, 0.209895775, 0.433784217, 0.627510726, 0.646576881, -0.579809427, -0.354878843, 0.733404458) + game.Workspace.vis.armA.Position
 armA[55] = CFrame.new(0.122083038, -0.52074343, -0.597219944, 0.570387483, -0.777295887, 0.265460491, 0.505490899, 0.586927712, 0.632451534, -0.647408009, -0.226554602, 0.727692127) + game.Workspace.vis.armA.Position
 armA[56] = CFrame.new(0.102197573, -0.493020594, -0.620925426, 0.501680255, -0.808848739, 0.306725502, 0.551540852, 0.572237551, 0.606915772, -0.666422963, -0.13530606, 0.733193457) + game.Workspace.vis.armA.Position
 armA[57] = CFrame.new(0.0652728081, -0.447230339, -0.6573264, 0.38183403, -0.841662467, 0.381846905, 0.622406483, 0.53958869, 0.566969454, -0.683237135, 0.0211757421, 0.729889393) + game.Workspace.vis.armA.Position
 armA[58] = CFrame.new(0.0536581986, -0.414328873, -0.688075542, 0.272934496, -0.848379791, 0.453606218, 0.692223251, 0.500625134, 0.519809067, -0.668082178, 0.172122926, 0.72390604) + game.Workspace.vis.armA.Position
 armA[59] = CFrame.new(0.0598236918, -0.386535168, -0.720923901, 0.159978032, -0.825562596, 0.541159451, 0.770504057, 0.44711858, 0.45432198, -0.61703372, 0.344284058, 0.707628489) + game.Workspace.vis.armA.Position
 armA[60] = CFrame.new(0.0933933556, -0.387570441, -0.740421534, 0.110632516, -0.811490774, 0.573796988, 0.814870179, 0.404592276, 0.41508013, -0.568987668, 0.421648741, 0.706020772) + game.Workspace.vis.armA.Position
 armA[61] = CFrame.new(0.125845432, -0.391550541, -0.759634316, 0.0666359514, -0.788985848, 0.610787272, 0.854572177, 0.361112207, 0.373235047, -0.515039861, 0.497090816, 0.698308349) + game.Workspace.vis.armA.Position
 armA[62] = CFrame.new(0.139324218, -0.401399374, -0.760749698, 0.0603924841, -0.780115008, 0.62271452, 0.87069881, 0.346227705, 0.349299282, -0.488094687, 0.521101773, 0.700154781) + game.Workspace.vis.armA.Position
 armA[63] = CFrame.new(0.152666926, -0.411726862, -0.761751294, 0.0555580221, -0.770417929, 0.635113776, 0.885987461, 0.331332058, 0.324414909, -0.460368663, 0.544679046, 0.70098871) + game.Workspace.vis.armA.Position
 armA[64] = CFrame.new(0.157683671, -0.429012984, -0.750520229, 0.0529419668, -0.762662649, 0.64462626, 0.890784383, 0.327826321, 0.314695597, -0.451331973, 0.557562351, 0.6967237) + game.Workspace.vis.armA.Position
 armA[65] = CFrame.new(0.155973509, -0.452320993, -0.726857185, 0.0507676601, -0.757534862, 0.650817633, 0.88579452, 0.335147262, 0.321005434, -0.461292535, 0.560194016, 0.688034773) + game.Workspace.vis.armA.Position
 armA[66] = CFrame.new(0.155043513, -0.473135978, -0.698870361, 0.0362194628, -0.765868485, 0.641976357, 0.859513283, 0.351601481, 0.370962858, -0.509828627, 0.538351059, 0.671008766) + game.Workspace.vis.armA.Position
 armA[67] = CFrame.new(0.15591833, -0.493752688, -0.670605481, 0.0203425474, -0.775143921, 0.63145715, 0.830587268, 0.364664555, 0.420885652, -0.556517065, 0.515918374, 0.651242733) + game.Workspace.vis.armA.Position
 armA[68] = CFrame.new(0.159306005, -0.506071687, -0.659036756, 0.0143865943, -0.794963121, 0.606486917, 0.782585263, 0.386493802, 0.488039494, -0.622376978, 0.467606515, 0.627686799) + game.Workspace.vis.armA.Position
 armA[69] = CFrame.new(0.162115902, -0.515315533, -0.649794817, 0.0102424696, -0.809838891, 0.586562872, 0.743189335, 0.398618698, 0.537375927, -0.669002831, 0.43042323, 0.605946362) + game.Workspace.vis.armA.Position
 armA[70] = CFrame.new(0.171667427, -0.529963255, -0.631952047, 0.0270223618, -0.845948756, 0.532579303, 0.657911181, 0.416168272, 0.627659976, -0.752610683, 0.333429039, 0.567804933) + game.Workspace.vis.armA.Position
 armA[71] = CFrame.new(0.184128553, -0.54072386, -0.611495852, 0.0723012909, -0.88107121, 0.46742481, 0.565932453, 0.422142535, 0.708178043, -0.821275234, 0.213328645, 0.529148221) + game.Workspace.vis.armA.Position
 armA[72] = CFrame.new(0.196435124, -0.550043464, -0.577201903, 0.142190829, -0.895304918, 0.422150165, 0.545649886, 0.426728994, 0.72122705, -0.825861871, 0.127794325, 0.549199939) + game.Workspace.vis.armA.Position
 armA[73] = CFrame.new(0.207432985, -0.562020659, -0.535051405, 0.212660044, -0.899401188, 0.381907076, 0.52279824, 0.434929341, 0.733156443, -0.825504422, 0.0437472686, 0.56269747) + game.Workspace.vis.armA.Position
 armA[74] = CFrame.new(0.215129629, -0.594714165, -0.502851725, 0.264150202, -0.896929741, 0.354600728, 0.495820791, 0.441640437, 0.747740149, -0.827276468, -0.0216973126, 0.561375856) + game.Workspace.vis.armA.Position
 armA[75] = CFrame.new(0.225980878, -0.653531909, -0.445324928, 0.348559439, -0.882374346, 0.316104174, 0.447079539, 0.452935249, 0.771342635, -0.823787749, -0.12753503, 0.552366436) + game.Workspace.vis.armA.Position
 armA[76] = CFrame.new(0.230431363, -0.716395855, -0.399198204, 0.411605597, -0.863884091, 0.290318787, 0.390083432, 0.454898119, 0.800563931, -0.823659897, -0.216268092, 0.524225354) + game.Workspace.vis.armA.Position
 armA[77] = CFrame.new(0.232531548, -0.764756203, -0.364312083, 0.457533836, -0.845765769, 0.27448678, 0.345847696, 0.453650951, 0.821334302, -0.819177687, -0.280857563, 0.500066817) + game.Workspace.vis.armA.Position
 armA[78] = CFrame.new(0.230185211, -0.831370115, -0.300133348, 0.533935189, -0.805321038, 0.257626146, 0.279619902, 0.455728889, 0.84505862, -0.797951102, -0.379169077, 0.468513459) + game.Workspace.vis.armA.Position
 armA[79] = CFrame.new(0.22513327, -0.882757783, -0.247823983, 0.591851771, -0.76643455, 0.249578476, 0.226746887, 0.45543921, 0.860906959, -0.773496747, -0.452938199, 0.443339229) + game.Workspace.vis.armA.Position
 armA[80] = CFrame.new(0.221011952, -0.903870106, -0.208322674, 0.650425851, -0.717757821, 0.248535112, 0.186730266, 0.468260437, 0.863634109, -0.736259341, -0.515320957, 0.438595861) + game.Workspace.vis.armA.Position
 armA[81] = CFrame.new(0.215207666, -0.924764097, -0.169037163, 0.704687297, -0.664463937, 0.248803973, 0.145309925, 0.47838974, 0.86604178, -0.694478869, -0.574134946, 0.433668405) + game.Workspace.vis.armA.Position
 armA[82] = CFrame.new(0.24354513, -0.877535105, -0.191362187, 0.773165226, -0.584947169, 0.245055526, 0.115484476, 0.509791672, 0.852511406, -0.623601437, -0.630832076, 0.461705565) + game.Workspace.vis.armA.Position
 armA[83] = CFrame.new(0.272854418, -0.8329404, -0.212888613, 0.83388406, -0.499263227, 0.235316038, 0.0832554549, 0.53524524, 0.840583742, -0.545624316, -0.681358039, 0.487898856) + game.Workspace.vis.armA.Position
 armA[84] = CFrame.new(0.324818134, -0.75839895, -0.277265698, 0.885200381, -0.41489619, 0.210432097, 0.066997394, 0.561317205, 0.824884534, -0.460360587, -0.716089606, 0.524675071) + game.Workspace.vis.armA.Position
 armA[85] = CFrame.new(0.415242612, -0.653749049, -0.382454067, 0.95167011, -0.268472642, 0.149153054, 0.0403830968, 0.590816617, 0.805794597, -0.304455876, -0.760827243, 0.573104203) + game.Workspace.vis.armA.Position
 armA[86] = CFrame.new(0.443249851, -0.612650156, -0.414209783, 0.973411918, -0.206809416, 0.098484613, 0.0505141206, 0.613171756, 0.788332939, -0.223422647, -0.762397766, 0.607315421) + game.Workspace.vis.armA.Position
 armA[87] = CFrame.new(0.464842826, -0.584104478, -0.438172013, 0.985209167, -0.161812142, 0.0563898459, 0.0588508993, 0.628578901, 0.775516212, -0.160933375, -0.760727048, 0.628804445) + game.Workspace.vis.armA.Position
 armA[88] = CFrame.new(0.481255442, -0.546515167, -0.46697399, 0.993382454, -0.114854194, -7.94790685e-05, 0.0752574876, 0.650384545, 0.755868137, -0.0867629275, -0.750871956, 0.654724061) + game.Workspace.vis.armA.Position
 armA[89] = CFrame.new(0.453929991, -0.493271649, -0.499194503, 0.99299866, -0.102780737, -0.0582230389, 0.113144815, 0.685941041, 0.718806863, -0.0339419022, -0.720361769, 0.69276762) + game.Workspace.vis.armA.Position
 armA[90] = CFrame.new(0.41651842, -0.459999412, -0.540563405, 0.989775658, -0.128638685, -0.0616139621, 0.134063199, 0.691552043, 0.7097767, -0.0486954935, -0.710779786, 0.701727033) + game.Workspace.vis.armA.Position
 armA[91] = CFrame.new(0.378654242, -0.429990053, -0.588932335, 0.985893011, -0.154977649, -0.063222535, 0.154404432, 0.696296751, 0.70094943, -0.0646098554, -0.700822949, 0.710403264) + game.Workspace.vis.armA.Position
 armA[92] = CFrame.new(0.366101593, -0.419633389, -0.611845851, 0.981083572, -0.186857462, -0.0505911782, 0.169639185, 0.703946352, 0.689697146, -0.093261607, -0.685232759, 0.722328484) + game.Workspace.vis.armA.Position
 armA[93] = CFrame.new(0.353230029, -0.40947929, -0.635698199, 0.975179732, -0.218321905, -0.0368810631, 0.184795082, 0.710769594, 0.678717375, -0.121964894, -0.668686867, 0.733472943) + game.Workspace.vis.armA.Position
 armA[94] = CFrame.new(0.350727558, -0.407023013, -0.651921868, 0.965544224, -0.260039508, -0.0101854801, 0.199456587, 0.714321494, 0.670791984, -0.167156711, -0.649710894, 0.741575658) + game.Workspace.vis.armA.Position
 armA[95] = CFrame.new(0.35780105, -0.411914796, -0.660071254, 0.94992125, -0.311168492, 0.0287020653, 0.213904649, 0.714447677, 0.666190147, -0.227803499, -0.6266886, 0.745229363) + game.Workspace.vis.armA.Position
 armA[96] = CFrame.new(0.365966141, -0.424791217, -0.653841853, 0.941441834, -0.332834572, 0.0539303571, 0.207343936, 0.69761014, 0.685819745, -0.265886873, -0.634477258, 0.725770593) + game.Workspace.vis.armA.Position
 armA[97] = CFrame.new(0.377934277, -0.446804821, -0.643805861, 0.924292088, -0.369758666, 0.0946710855, 0.194397241, 0.669496417, 0.716927052, -0.328471899, -0.644246161, 0.690690279) + game.Workspace.vis.armA.Position
 armA[98] = CFrame.new(0.386316895, -0.456967264, -0.631409109, 0.917473316, -0.381584674, 0.112409182, 0.177620322, 0.645810366, 0.742549717, -0.35594058, -0.661303401, 0.660290956) + game.Workspace.vis.armA.Position
 armA[99] = CFrame.new(0.39945513, -0.474418253, -0.610976934, 0.904350221, -0.402789086, 0.141108915, 0.147589564, 0.605376422, 0.782136023, -0.400459826, -0.686498642, 0.606919646) + game.Workspace.vis.armA.Position
 armA[100] = CFrame.new(0.420234621, -0.49026221, -0.564140677, 0.896751881, -0.411688954, 0.162321329, 0.116530269, 0.573533177, 0.810851634, -0.426915348, -0.708217382, 0.562291265) + game.Workspace.vis.armA.Position
 armA[101] = CFrame.new(0.447820634, -0.513251245, -0.486344665, 0.892159283, -0.412810683, 0.183409944, 0.0791286081, 0.542566001, 0.836277962, -0.444736451, -0.731580138, 0.516720474) + game.Workspace.vis.armA.Position
 armA[102] = CFrame.new(0.467053294, -0.540846467, -0.391133964, 0.904337883, -0.384225249, 0.185860485, 0.0678638741, 0.559357643, 0.826143742, -0.421387792, -0.734499872, 0.531923294) + game.Workspace.vis.armA.Position
 armA[103] = CFrame.new(0.477404833, -0.58000797, -0.295351923, 0.915270805, -0.355687499, 0.189118639, 0.0556051061, 0.576520264, 0.815188646, -0.398983061, -0.735602438, 0.547450185) + game.Workspace.vis.armA.Position
 armA[104] = CFrame.new(0.474191368, -0.600626588, -0.259815991, 0.924146473, -0.328839183, 0.194468915, 0.0409363881, 0.591334343, 0.805386782, -0.379838824, -0.736334562, 0.559941113) + game.Workspace.vis.armA.Position
 armA[105] = CFrame.new(0.464488715, -0.638220668, -0.202307433, 0.93693769, -0.284301162, 0.203274474, 0.0159917343, 0.615885913, 0.787672997, -0.349130183, -0.734749794, 0.581593156) + game.Workspace.vis.armA.Position
 armA[106] = CFrame.new(0.463113904, -0.635369718, -0.229573473, 0.94466418, -0.258102715, 0.202466354, 0.0129172914, 0.645991147, 0.763235629, -0.327784687, -0.718385994, 0.613578618) + game.Workspace.vis.armA.Position
 armA[107] = CFrame.new(0.463260174, -0.632153511, -0.257121444, 0.951665998, -0.232810065, 0.200328678, 0.00998483784, 0.675355732, 0.737424731, -0.30697298, -0.699781656, 0.645037532) + game.Workspace.vis.armA.Position
 armA[108] = CFrame.new(0.477852225, -0.60843873, -0.325814426, 0.959153056, -0.222661212, 0.174491659, 0.0466113463, 0.732785881, 0.678860962, -0.279020995, -0.642998278, 0.713232279) + game.Workspace.vis.armA.Position
 armA[109] = CFrame.new(0.494394243, -0.583835304, -0.394561112, 0.96470511, -0.217322022, 0.148711115, 0.0822006464, 0.785031676, 0.613977551, -0.250173748, -0.580083191, 0.775188088) + game.Workspace.vis.armA.Position
 armA[110] = CFrame.new(0.503545403, -0.572828352, -0.431236804, 0.970806479, -0.217610627, 0.100898206, 0.13651973, 0.847145498, 0.513524055, -0.197223723, -0.4847579, 0.852122545) + game.Workspace.vis.armA.Position
 armA[111] = CFrame.new(0.513104796, -0.561119556, -0.46799159, 0.972761631, -0.225338489, 0.0543829203, 0.185166031, 0.896486342, 0.402524173, -0.139457703, -0.381490171, 0.91379261) + game.Workspace.vis.armA.Position
 armA[112] = CFrame.new(0.507620513, -0.580382884, -0.437182814, 0.966419578, -0.211056352, -0.146589339, 0.244119927, 0.932188392, 0.267264128, 0.0802411139, -0.294074655, 0.952408254) + game.Workspace.vis.armA.Position
 armA[113] = CFrame.new(0.49733901, -0.601727664, -0.405918419, 0.912695467, -0.221040696, -0.343697518, 0.276662856, 0.953238308, 0.121631593, 0.300740153, -0.206100941, 0.931170106) + game.Workspace.vis.armA.Position
 armA[114] = CFrame.new(0.461738408, -0.645508111, -0.340755969, 0.730463982, -0.222793132, -0.645589471, 0.281690925, 0.959425449, -0.0123736784, 0.622151613, -0.172818139, 0.763584375) + game.Workspace.vis.armA.Position
 armA[115] = CFrame.new(0.412751019, -0.689411163, -0.286523104, 0.44543463, -0.25124526, -0.859339237, 0.261858404, 0.954407156, -0.143307164, 0.856164813, -0.161191255, 0.49091664) + game.Workspace.vis.armA.Position
 armA[116] = CFrame.new(0.392824888, -0.70735687, -0.276223153, 0.313504726, -0.283459187, -0.90629226, 0.237615108, 0.947461367, -0.21413976, 0.919376791, -0.148214936, 0.36438781) + game.Workspace.vis.armA.Position
 armA[117] = CFrame.new(0.372577578, -0.725629449, -0.268109858, 0.175315827, -0.318966985, -0.931409836, 0.206598699, 0.936916411, -0.281965464, 0.962590873, -0.142995059, 0.230154425) + game.Workspace.vis.armA.Position
 armA[118] = CFrame.new(0.362496287, -0.734125257, -0.273032874, 0.0781376958, -0.385043353, -0.919584692, 0.161901116, 0.915061235, -0.369392455, 0.98370862, -0.120018244, 0.133839756) + game.Workspace.vis.armA.Position
 armA[119] = CFrame.new(0.362320662, -0.73274827, -0.289455354, 0.027882725, -0.476387799, -0.87879312, 0.102003478, 0.875901759, -0.471583992, 0.994393349, -0.0764909387, 0.0730157346) + game.Workspace.vis.armA.Position
 armA[120] = CFrame.new(0.366031468, -0.718691349, -0.304082543, 0.0214681029, -0.557222009, -0.830086052, 0.0572858006, 0.829598963, -0.555413306, 0.998127043, -0.0356285274, 0.049730882) + game.Workspace.vis.armA.Position
 armA[121] = CFrame.new(0.369280607, -0.704091728, -0.31893, 0.0191223621, -0.631840527, -0.774862409, 0.00976534188, 0.77508527, -0.63178122, 0.99976933, 0.00451430678, 0.0209916309) + game.Workspace.vis.armA.Position
 armA[122] = CFrame.new(0.377418548, -0.680927932, -0.339407533, 0.0560566187, -0.688021302, -0.723522186, -0.0164684504, 0.723925948, -0.689681172, 0.998291731, 0.050576508, 0.0292502344) + game.Workspace.vis.armA.Position
 armA[123] = CFrame.new(0.384591222, -0.657313049, -0.360597998, 0.0952735096, -0.737276077, -0.668840051, -0.0415501297, 0.668365598, -0.742671728, 0.994583726, 0.0985472798, 0.0330436267) + game.Workspace.vis.armA.Position
 armA[124] = CFrame.new(0.401902258, -0.630704343, -0.421710223, 0.191866904, -0.755919337, -0.625917614, -0.0276070833, 0.633357346, -0.773366868, 0.98103255, 0.165663332, 0.100651577) + game.Workspace.vis.armA.Position
 armA[125] = CFrame.new(0.412355602, -0.612983346, -0.468932867, 0.263061464, -0.763207138, -0.590181112, -0.0154852569, 0.60830766, -0.793550372, 0.964654863, 0.217891455, 0.148203865) + game.Workspace.vis.armA.Position
 armA[126] = CFrame.new(0.433328718, -0.598331034, -0.59557575, 0.445345223, -0.726938128, -0.522712529, 0.031103164, 0.596010327, -0.802374125, 0.894818544, 0.34107542, 0.288040489) + game.Workspace.vis.armA.Position
 armA[127] = CFrame.new(0.442888498, -0.600166559, -0.708241642, 0.589795053, -0.668586969, -0.452916354, 0.0678217411, 0.59987855, -0.797211289, 0.804699957, 0.439473808, 0.399150074) + game.Workspace.vis.armA.Position
 armA[128] = CFrame.new(0.444390029, -0.609871566, -0.77237463, 0.713154495, -0.583498478, -0.388510525, 0.0679409355, 0.609140754, -0.790146589, 0.697706938, 0.537100852, 0.474054873) + game.Workspace.vis.armA.Position
 armA[129] = CFrame.new(0.439929724, -0.622007966, -0.837170124, 0.817048848, -0.48287344, -0.315062881, 0.061532557, 0.616350949, -0.785063803, 0.573275805, 0.622048855, 0.533301294) + game.Workspace.vis.armA.Position
 armA[130] = CFrame.new(0.385586739, -0.656816423, -0.896846056, 0.920304, -0.329434097, -0.210981995, 0.0327415392, 0.602285266, -0.797609031, 0.389831007, 0.727135181, 0.565071881) + game.Workspace.vis.armA.Position
 armA[131] = CFrame.new(0.275406748, -0.708357155, -0.947451949, 0.989595592, -0.115366086, -0.0859705284, -0.00840058178, 0.550182462, -0.835002124, 0.14363043, 0.827036798, 0.543489099) + game.Workspace.vis.armA.Position
 armA[132] = CFrame.new(0.16267696, -0.75899905, -0.961618304, 0.99941051, -0.0140046515, -0.0313483775, -0.0202649049, 0.4964329, -0.867838562, 0.0277161375, 0.867962122, 0.495856404) + game.Workspace.vis.armA.Position
 armA[133] = CFrame.new(-0.0303206313, -0.837969005, -0.978194714, 0.986632347, 0.157786071, 0.0407510623, -0.0249634981, 0.393446624, -0.919008613, -0.161040097, 0.905706167, 0.392125964) + game.Workspace.vis.armA.Position
 armA[134] = CFrame.new(-0.103835046, -0.86564362, -0.981128216, 0.972436428, 0.223437279, 0.0666570216, -0.0167903006, 0.352235436, -0.935760736, -0.23256281, 0.908848763, 0.346278191) + game.Workspace.vis.armA.Position
 armA[135] = CFrame.new(-0.159442544, -0.885775447, -0.98217392, 0.958644509, 0.272209913, 0.0830826908, -0.00882612169, 0.320214808, -0.947303832, -0.284469754, 0.90739423, 0.30937472) + game.Workspace.vis.armA.Position
 armA[136] = CFrame.new(-0.173088983, -0.892368674, -0.994387269, 0.948185265, 0.301092595, 0.101430148, 0.00427176058, 0.307135493, -0.951656103, -0.317689449, 0.902779639, 0.289935172) + game.Workspace.vis.armA.Position
 armA[137] = CFrame.new(-0.168429136, -0.892529249, -1.00643039, 0.942485273, 0.313954383, 0.114692003, 0.0143661946, 0.304768264, -0.952318072, -0.333938897, 0.899193525, 0.282729268) + game.Workspace.vis.armA.Position
 armA[138] = CFrame.new(-0.149729893, -0.889025092, -1.02507138, 0.941439748, 0.312646151, 0.12626864, 0.0265244395, 0.304652631, -0.952094197, -0.336136699, 0.899688363, 0.278519332) + game.Workspace.vis.armA.Position
 armA[139] = CFrame.new(-0.118797734, -0.88324672, -1.05620742, 0.939375997, 0.310496837, 0.145480767, 0.0467834026, 0.304252148, -0.951442003, -0.339682639, 0.90056777, 0.271281153) + game.Workspace.vis.armA.Position
 armA[140] = CFrame.new(-0.0915611684, -0.865346253, -1.06552434, 0.939846575, 0.300436974, 0.162560895, 0.0667528957, 0.305180639, -0.949951947, -0.335011125, 0.903660536, 0.266767949) + game.Workspace.vis.armA.Position
 armA[141] = CFrame.new(-0.0712190121, -0.851917624, -1.07258713, 0.939928174, 0.292901278, 0.175340086, 0.0817341655, 0.305602133, -0.948644817, -0.331443548, 0.90598917, 0.263303995) + game.Workspace.vis.armA.Position
 armA[142] = CFrame.new(-0.020817088, -0.806412339, -1.06984448, 0.943618953, 0.263467729, 0.200419053, 0.119429275, 0.293708235, -0.948405027, -0.308738828, 0.918868899, 0.245682955) + game.Workspace.vis.armA.Position
 armA[143] = CFrame.new(0.0389867276, -0.742680132, -1.0495888, 0.949248075, 0.219903231, 0.224878803, 0.163220227, 0.266764462, -0.94983995, -0.268862575, 0.938338637, 0.217333078) + game.Workspace.vis.armA.Position
 armA[144] = CFrame.new(0.098764807, -0.671911776, -1.0105412, 0.962002397, 0.151753321, 0.226985678, 0.192637756, 0.21192205, -0.958112657, -0.193500057, 0.965432525, 0.174636126) + game.Workspace.vis.armA.Position
 armA[145] = CFrame.new(0.15793106, -0.603161514, -0.968549013, 0.969782889, 0.0835582986, 0.229214862, 0.214906707, 0.152147442, -0.964710534, -0.115484014, 0.984819353, 0.129592717) + game.Workspace.vis.armA.Position
 armA[146] = CFrame.new(0.199980095, -0.55040729, -0.937544465, 0.975930393, 0.00446604844, 0.218035385, 0.216323599, 0.106849283, -0.970457196, -0.0276310816, 0.994265139, 0.103311479) + game.Workspace.vis.armA.Position
 armA[147] = CFrame.new(0.241091698, -0.49911207, -0.90441674, 0.975549221, -0.0743352324, 0.206828251, 0.211332649, 0.058860749, -0.975640237, 0.0603503659, 0.995494545, 0.0731310844) + game.Workspace.vis.armA.Position
 armA[148] = CFrame.new(0.288049221, -0.431246936, -0.865384877, 0.963463962, -0.186982289, 0.191767722, 0.196371689, 0.00624075532, -0.980509698, 0.18214114, 0.982343495, 0.0427308083) + game.Workspace.vis.armA.Position
 armA[149] = CFrame.new(0.33849898, -0.348275721, -0.817746222, 0.928230405, -0.329498798, 0.172680885, 0.164689794, -0.0522426069, -0.984960914, 0.333564758, 0.942709446, 0.00577187538) + game.Workspace.vis.armA.Position
 armA[150] = CFrame.new(0.362867296, -0.28486377, -0.783241212, 0.888184607, -0.423781008, 0.177588522, 0.155062199, -0.0873779953, -0.984032869, 0.432531804, 0.901540101, -0.0118953586) + game.Workspace.vis.armA.Position
 armA[151] = CFrame.new(0.385269225, -0.223262385, -0.74548912, 0.838672459, -0.513260603, 0.182186574, 0.137583196, -0.124005228, -0.98269707, 0.526971757, 0.849226832, -0.0333837867) + game.Workspace.vis.armA.Position
 armA[152] = CFrame.new(0.389367521, -0.189871579, -0.715768695, 0.787149847, -0.579482496, 0.211175665, 0.148049861, -0.154853612, -0.976781189, 0.598729014, 0.800137699, -0.0361006856) + game.Workspace.vis.armA.Position
 armA[153] = CFrame.new(0.391930878, -0.157579869, -0.684776425, 0.729276955, -0.64108026, 0.239104182, 0.152345896, -0.188542515, -0.970176399, 0.667042375, 0.743954062, -0.039833799) + game.Workspace.vis.armA.Position
 armA[154] = CFrame.new(0.385314822, -0.147214532, -0.661375761, 0.669057608, -0.686810553, 0.283995062, 0.178808033, -0.222142845, -0.958477974, 0.721380413, 0.69205761, -0.0258191377) + game.Workspace.vis.armA.Position
 armA[155] = CFrame.new(0.377123535, -0.1375539, -0.637754619, 0.603264749, -0.72738564, 0.32708019, 0.198898897, -0.259938508, -0.944918633, 0.772340953, 0.635092139, -0.0121355653) + game.Workspace.vis.armA.Position
 armA[156] = CFrame.new(0.366169512, -0.139683008, -0.619643748, 0.535387397, -0.756450057, 0.375691056, 0.234484762, -0.294202626, -0.92653209, 0.811404467, 0.584147453, 0.0198636204) + game.Workspace.vis.armA.Position
 armA[157] = CFrame.new(0.3536475, -0.142436236, -0.601609349, 0.462441087, -0.779991567, 0.421617389, 0.263151228, -0.333352447, -0.905332744, 0.846699238, 0.529612303, 0.051099807) + game.Workspace.vis.armA.Position
 armA[158] = CFrame.new(0.343198746, -0.16088599, -0.593769968, 0.409373134, -0.794133365, 0.449183524, 0.300102353, -0.347728014, -0.88827008, 0.86159867, 0.498434901, 0.0959709212) + game.Workspace.vis.armA.Position
 armA[159] = CFrame.new(0.331949353, -0.179431021, -0.586089373, 0.353440523, -0.805891216, 0.474993944, 0.333646595, -0.365771264, -0.868844867, 0.873933613, 0.465565056, 0.139604479) + game.Workspace.vis.armA.Position
 armA[160] = CFrame.new(0.314457923, -0.248112142, -0.573783994, 0.267694145, -0.830275536, 0.488858372, 0.436284244, -0.347925872, -0.829821348, 0.859066904, 0.43541944, 0.26909849) + game.Workspace.vis.armA.Position
 armA[161] = CFrame.new(0.290739655, -0.366120577, -0.559160709, 0.139619917, -0.866058052, 0.480051816, 0.594049871, -0.314607263, -0.740355968, 0.792219043, 0.388543189, 0.47055617) + game.Workspace.vis.armA.Position
 armA[162] = CFrame.new(0.280509442, -0.497093439, -0.553777337, 0.045037955, -0.904306591, 0.424501002, 0.797967553, -0.223084316, -0.559893847, 0.60101527, 0.363954455, 0.711560309) + game.Workspace.vis.armA.Position
 armA[163] = CFrame.new(0.274682671, -0.598732471, -0.552659452, -0.0367176309, -0.929878533, 0.36602971, 0.90554285, -0.185875684, -0.381369054, 0.422662854, 0.31745261, 0.848869681) + game.Workspace.vis.armA.Position
 armA[164] = CFrame.new(0.275492013, -0.690901875, -0.571912885, -0.0960904807, -0.929691672, 0.355583847, 0.98639065, -0.136823192, -0.0911758393, 0.133417457, 0.341983438, 0.93018651) + game.Workspace.vis.armA.Position
 armA[165] = CFrame.new(0.275910974, -0.739593506, -0.586073399, -0.134194046, -0.923400164, 0.359616578, 0.990221441, -0.110991895, 0.0845119655, -0.0381238014, 0.367440999, 0.929265201) + game.Workspace.vis.armA.Position
 armA[166] = CFrame.new(0.274599612, -0.758926094, -0.607291698, -0.176329494, -0.879938841, 0.441152334, 0.953106105, -0.0406407639, 0.299894899, -0.245960414, 0.473345339, 0.845841289) + game.Workspace.vis.armA.Position
 armA[167] = CFrame.new(0.268317848, -0.766333997, -0.619915724, -0.227006733, -0.82894522, 0.51119262, 0.895453691, 0.0287250429, 0.44422698, -0.382923841, 0.558591843, 0.735761344) + game.Workspace.vis.armA.Position
 armA[168] = CFrame.new(0.268778801, -0.765312791, -0.62021625, -0.244893029, -0.794781864, 0.55529207, 0.848338485, 0.101639718, 0.519606948, -0.469413877, 0.598323703, 0.649353206) + game.Workspace.vis.armA.Position
 armA[169] = CFrame.new(0.265168726, -0.766649008, -0.61486125, -0.293392777, -0.730366051, 0.616835415, 0.749383152, 0.22492598, 0.622762382, -0.593586922, 0.644960046, 0.481332451) + game.Workspace.vis.armA.Position
 armA[170] = CFrame.new(0.261060655, -0.763464689, -0.621002734, -0.306041479, -0.6892488, 0.656715095, 0.694478691, 0.310202539, 0.649210036, -0.651181936, 0.654759765, 0.383733779) + game.Workspace.vis.armA.Position
 armA[171] = CFrame.new(0.256976813, -0.761424839, -0.624043822, -0.320394874, -0.656381488, 0.683015823, 0.649538755, 0.372607768, 0.66276896, -0.68952632, 0.655992985, 0.306963474) + game.Workspace.vis.armA.Position
 armA[172] = CFrame.new(0.245380133, -0.758428574, -0.633582234, -0.34626925, -0.582119107, 0.735686481, 0.557321191, 0.503175795, 0.660459757, -0.754646063, 0.638710618, 0.150192946) + game.Workspace.vis.armA.Position
 armA[173] = CFrame.new(0.228870302, -0.756193817, -0.644689381, -0.374915898, -0.497735679, 0.782110631, 0.460903943, 0.63191855, 0.623094201, -0.804366529, 0.594085813, -0.00750806928) + game.Workspace.vis.armA.Position
 armA[174] = CFrame.new(0.215533137, -0.759724379, -0.64735043, -0.386064202, -0.42687726, 0.817759216, 0.400415719, 0.721070588, 0.56544131, -0.831036329, 0.545740366, -0.10745132) + game.Workspace.vis.armA.Position
 armA[175] = CFrame.new(0.200281829, -0.762245119, -0.647109449, -0.405964941, -0.353246152, 0.842857957, 0.337570578, 0.799090266, 0.497494638, -0.849257648, 0.486489445, -0.205157131) + game.Workspace.vis.armA.Position
 armA[176] = CFrame.new(0.191941902, -0.767605841, -0.64524281, -0.4084647, -0.309627444, 0.858654559, 0.312709153, 0.836312413, 0.450327665, -0.857537031, 0.452452004, -0.244780675) + game.Workspace.vis.armA.Position
 armA[177] = CFrame.new(0.17688781, -0.775513589, -0.640802145, -0.417749643, -0.234833449, 0.877689302, 0.270731568, 0.889962196, 0.366976023, -0.867288649, 0.390922368, -0.308204621) + game.Workspace.vis.armA.Position
 armA[178] = CFrame.new(0.154671252, -0.78555733, -0.639521837, -0.424897373, -0.161053598, 0.890799701, 0.238784626, 0.929253876, 0.281902492, -0.873180389, 0.332488924, -0.356380463) + game.Workspace.vis.armA.Position
 armA[179] = CFrame.new(0.122147068, -0.798716784, -0.640485048, -0.432954311, -0.0732064247, 0.898438215, 0.208950162, 0.961399317, 0.179028943, -0.876863897, 0.265240103, -0.400945455) + game.Workspace.vis.armA.Position
 armA[180] = CFrame.new(0.0882828832, -0.806425869, -0.651006043, -0.438531041, -0.0279821604, 0.898280323, 0.19890599, 0.971705914, 0.127373248, -0.876428545, 0.234530449, -0.42055741) + game.Workspace.vis.armA.Position
 armA[181] = CFrame.new(0.0542703569, -0.81363821, -0.661274195, -0.445305943, 0.0170931816, 0.895215452, 0.189357221, 0.979001641, 0.0754987448, -0.8751266, 0.203135431, -0.439191937) + game.Workspace.vis.armA.Position
 armA[182] = CFrame.new(0.0350685641, -0.815123677, -0.668914497, -0.450464606, 0.0338436142, 0.892152607, 0.187417567, 0.98059988, 0.0574317761, -0.872901142, 0.193076089, -0.44806847) + game.Workspace.vis.armA.Position
