
 armA[1] = CFrame.new(0.446689188, -0.747176886, 0.521737099, 0.417434841, -0.908421516, 0.0227684379, 0.624270558, 0.268475294, -0.733626008, 0.660328865, 0.320454806, 0.67917186) + game.Workspace.vis.armA.Position
 armA[2] = CFrame.new(0.449375004, -0.744121432, 0.509127378, 0.446581542, -0.892184794, 0.067610234, 0.644382596, 0.268278152, -0.716099024, 0.620754302, 0.363363445, 0.694716394) + game.Workspace.vis.armA.Position
 armA[3] = CFrame.new(0.45257166, -0.738911748, 0.483331919, 0.497514516, -0.852797031, 0.158796728, 0.682248056, 0.271621704, -0.678792536, 0.53573966, 0.446047902, 0.716954947) + game.Workspace.vis.armA.Position
 armA[4] = CFrame.new(0.450283527, -0.732440352, 0.431438327, 0.567018211, -0.750204682, 0.340122402, 0.74594146, 0.292529762, -0.598329186, 0.34937346, 0.592974901, 0.72547847) + game.Workspace.vis.armA.Position
 armA[5] = CFrame.new(0.443946421, -0.731491864, 0.40404883, 0.583315194, -0.682838976, 0.439856797, 0.773538291, 0.301833093, -0.557256818, 0.247753382, 0.665302575, 0.704266012) + game.Workspace.vis.armA.Position
 armA[6] = CFrame.new(0.438585639, -0.731597424, 0.387939811, 0.587047637, -0.638443053, 0.497760624, 0.788032353, 0.309833884, -0.531985104, 0.185419142, 0.704551995, 0.685001075) + game.Workspace.vis.armA.Position
 armA[7] = CFrame.new(0.428163439, -0.733303964, 0.363940001, 0.582007408, -0.564317524, 0.585502446, 0.808032632, 0.320419461, -0.494383335, 0.0913828313, 0.76083976, 0.642473459) + game.Workspace.vis.armA.Position
 armA[8] = CFrame.new(0.421392292, -0.736511171, 0.351462215, 0.568761766, -0.517853081, 0.639013469, 0.820987999, 0.310314775, -0.479253024, 0.0498873964, 0.797203124, 0.601646364) + game.Workspace.vis.armA.Position
 armA[9] = CFrame.new(0.415760517, -0.739125371, 0.342458546, 0.557114542, -0.481033474, 0.676926851, 0.830210268, 0.30363965, -0.467497259, 0.0193399563, 0.82244122, 0.568521023) + game.Workspace.vis.armA.Position
 armA[10] = CFrame.new(0.407572925, -0.74290055, 0.330998927, 0.539403439, -0.429626793, 0.724199474, 0.841800392, 0.295969039, -0.451413989, -0.020401068, 0.853125572, 0.521306694) + game.Workspace.vis.armA.Position
 armA[11] = CFrame.new(0.400923163, -0.744850934, 0.324724972, 0.516260266, -0.405729175, 0.754227579, 0.855314195, 0.289231837, -0.429863453, -0.0437384769, 0.867022932, 0.496344805) + game.Workspace.vis.armA.Position
 armA[12] = CFrame.new(0.393985629, -0.747048378, 0.318678588, 0.492135555, -0.380927086, 0.782749712, 0.867986202, 0.2832596, -0.407876998, -0.0663499907, 0.880146921, 0.470041633) + game.Workspace.vis.armA.Position
 armA[13] = CFrame.new(0.396435618, -0.758349299, 0.308048695, 0.42372483, -0.341385365, 0.838995337, 0.896799564, 0.28829962, -0.335609645, -0.127309799, 0.894616783, 0.428313971) + game.Workspace.vis.armA.Position
 armA[14] = CFrame.new(0.423456252, -0.788286388, 0.295138925, 0.281846493, -0.300076365, 0.911326885, 0.928801358, 0.323523223, -0.180723041, -0.240604684, 0.897377789, 0.36989519) + game.Workspace.vis.armA.Position
 armA[15] = CFrame.new(0.456932694, -0.836427629, 0.283206165, 0.0735484064, -0.248631716, 0.965801656, 0.924663961, 0.379800022, 0.0273583848, -0.373613745, 0.891029775, 0.257834435) + game.Workspace.vis.armA.Position
 armA[16] = CFrame.new(0.490731478, -0.893127501, 0.27930215, -0.140449002, -0.20522064, 0.968585789, 0.868989348, 0.443271935, 0.219926015, -0.474480301, 0.872579098, 0.116077438) + game.Workspace.vis.armA.Position
 armA[17] = CFrame.new(0.502782524, -0.914612651, 0.278105646, -0.21256429, -0.206192344, 0.955144644, 0.829963267, 0.47780931, 0.287852973, -0.515730083, 0.853922129, 0.0695669353) + game.Workspace.vis.armA.Position
 armA[18] = CFrame.new(0.515423059, -0.937000155, 0.277973056, -0.283422619, -0.20975408, 0.935775101, 0.78408736, 0.511142015, 0.352052808, -0.552158296, 0.833509088, 0.0195964091) + game.Workspace.vis.armA.Position
 armA[19] = CFrame.new(0.528762102, -0.960136294, 0.278928101, -0.352151871, -0.215837896, 0.91071564, 0.731941462, 0.542925179, 0.411696374, -0.583310127, 0.811570168, -0.03321141) + game.Workspace.vis.armA.Position
 armA[20] = CFrame.new(0.479366839, -0.965871572, 0.228699625, -0.339259684, -0.170633674, 0.92508775, 0.691083908, 0.621977508, 0.368167549, -0.638205409, 0.764217556, -0.0930896327) + game.Workspace.vis.armA.Position
 armA[21] = CFrame.new(0.428805828, -0.970512033, 0.180642724, -0.330307692, -0.123535775, 0.935754001, 0.644536018, 0.694741249, 0.319229841, -0.689543486, 0.708571255, -0.149855182) + game.Workspace.vis.armA.Position
 armA[22] = CFrame.new(0.374760091, -0.970837235, 0.130964458, -0.31806463, -0.0719484836, 0.94533515, 0.585917413, 0.768984616, 0.25566268, -0.745342612, 0.635205567, -0.202430934) + game.Workspace.vis.armA.Position
 armA[23] = CFrame.new(0.367316455, -0.96213156, 0.119618058, -0.296050072, -0.0605695285, 0.953249991, 0.563003838, 0.79513073, 0.225374281, -0.771609306, 0.603405595, -0.201297686) + game.Workspace.vis.armA.Position
 armA[24] = CFrame.new(0.357084155, -0.950497627, 0.105120599, -0.267169446, -0.0437988788, 0.962653637, 0.530048549, 0.827594042, 0.18476063, -0.804778755, 0.559615672, -0.197892323) + game.Workspace.vis.armA.Position
 armA[25] = CFrame.new(0.358291656, -0.920120656, 0.11039269, -0.206865549, -0.0396115333, 0.977567077, 0.474154443, 0.869938672, 0.135587394, -0.85579437, 0.491566181, -0.16117838) + game.Workspace.vis.armA.Position
 armA[26] = CFrame.new(0.393648207, -0.864618123, 0.16985622, -0.106350586, -0.0772465467, 0.99132359, 0.40890941, 0.905373812, 0.114417493, -0.906356752, 0.417529941, -0.0647001937) + game.Workspace.vis.armA.Position
 armA[27] = CFrame.new(0.440022886, -0.790907443, 0.254883409, 0.0339970067, -0.113792829, 0.992922604, 0.31449762, 0.944243431, 0.0974458307, -0.948649228, 0.308958948, 0.0678890273) + game.Workspace.vis.armA.Position
 armA[28] = CFrame.new(0.484280705, -0.716654122, 0.346086293, 0.175468788, -0.133277893, 0.975421846, 0.215701401, 0.971924782, 0.0939974934, -0.960564256, 0.193906263, 0.199290633) + game.Workspace.vis.armA.Position
 armA[29] = CFrame.new(0.509323418, -0.685913265, 0.380080253, 0.252848059, -0.157473043, 0.954604626, 0.187229171, 0.975978315, 0.111407094, -0.949217141, 0.150560796, 0.276257783) + game.Workspace.vis.armA.Position
 armA[30] = CFrame.new(0.539719045, -0.646930575, 0.424744606, 0.348342657, -0.182531476, 0.919423461, 0.153356537, 0.978738964, 0.136204958, -0.924737215, 0.093553625, 0.368928969) + game.Workspace.vis.armA.Position
 armA[31] = CFrame.new(0.564420819, -0.617129862, 0.459150046, 0.432354033, -0.203305602, 0.87848556, 0.133468807, 0.977947891, 0.160636127, -0.891771257, 0.0477987155, 0.449954659) + game.Workspace.vis.armA.Position
 armA[32] = CFrame.new(0.584992647, -0.598611891, 0.480016708, 0.514278531, -0.226993233, 0.827037871, 0.132634088, 0.973785877, 0.184794411, -0.847305, 0.0146576092, 0.530904293) + game.Workspace.vis.armA.Position
 armA[33] = CFrame.new(0.616379738, -0.566802859, 0.518570304, 0.640628755, -0.257819355, 0.723273098, 0.135743454, 0.965135574, 0.2238013, -0.755756974, -0.0451939777, 0.653290927) + game.Workspace.vis.armA.Position
 armA[34] = CFrame.new(0.633086979, -0.547208309, 0.543596804, 0.70842433, -0.270683795, 0.651816905, 0.140173227, 0.959095359, 0.245942399, -0.691727281, -0.0828643143, 0.717388988) + game.Workspace.vis.armA.Position
 armA[35] = CFrame.new(0.637462497, -0.539794147, 0.556503177, 0.737634063, -0.287239909, 0.611055791, 0.146653473, 0.951551199, 0.270264864, -0.659081817, -0.109743081, 0.744021297) + game.Workspace.vis.armA.Position
 armA[36] = CFrame.new(0.64133966, -0.53211391, 0.569740176, 0.765162587, -0.302217811, 0.568498731, 0.154162228, 0.943299711, 0.293972164, -0.625108302, -0.137295499, 0.768368185) + game.Workspace.vis.armA.Position
 armA[37] = CFrame.new(0.642488122, -0.518498361, 0.586990714, 0.795835078, -0.330458909, 0.50738883, 0.165795326, 0.924847901, 0.342298537, -0.582373083, -0.188290447, 0.790814936) + game.Workspace.vis.armA.Position
 armA[38] = CFrame.new(0.635363042, -0.500565886, 0.598276854, 0.809767604, -0.372479916, 0.453360021, 0.177110851, 0.89178884, 0.416346401, -0.559382141, -0.256848842, 0.788111925) + game.Workspace.vis.armA.Position
 armA[39] = CFrame.new(0.624412417, -0.474628747, 0.613349497, 0.825782657, -0.421537459, 0.374685228, 0.196530297, 0.837784588, 0.509404361, -0.528638601, -0.347020358, 0.774672985) + game.Workspace.vis.armA.Position
 armA[40] = CFrame.new(0.611581564, -0.446627021, 0.628078699, 0.838349819, -0.461550236, 0.290070474, 0.220481008, 0.773731172, 0.593909383, -0.498555511, -0.433948785, 0.750420451) + game.Workspace.vis.armA.Position
 armA[41] = CFrame.new(0.603604615, -0.439068645, 0.632698774, 0.843212962, -0.46981436, 0.261278093, 0.229479328, 0.754092395, 0.615373015, -0.486138821, -0.458932638, 0.743673146) + game.Workspace.vis.armA.Position
 armA[42] = CFrame.new(0.59332794, -0.429405034, 0.638444722, 0.848663151, -0.478830457, 0.224704683, 0.241389692, 0.728623033, 0.640967548, -0.470639795, -0.489724159, 0.733940303) + game.Workspace.vis.armA.Position
 armA[43] = CFrame.new(0.586991787, -0.423505038, 0.641873777, 0.851600528, -0.483500957, 0.202493489, 0.248860434, 0.712901831, 0.655621409, -0.461351544, -0.507934868, 0.727431774) + game.Workspace.vis.armA.Position
 armA[44] = CFrame.new(0.567978501, -0.425995588, 0.657299876, 0.885906816, -0.434438527, 0.162580237, 0.231678247, 0.718046844, 0.656303108, -0.401863635, -0.543757021, 0.736772537) + game.Workspace.vis.armA.Position
 armA[45] = CFrame.new(0.551952899, -0.427972794, 0.669574082, 0.9101246, -0.393325746, 0.130261809, 0.217866048, 0.72171396, 0.657010794, -0.352430999, -0.569582045, 0.742541969) + game.Workspace.vis.armA.Position
 armA[46] = CFrame.new(0.539469957, -0.429444581, 0.678693116, 0.926310003, -0.361570001, 0.105910175, 0.207489908, 0.724202275, 0.657631457, -0.314480156, -0.587195158, 0.745857954) + game.Workspace.vis.armA.Position
 armA[47] = CFrame.new(0.531630993, -0.435707062, 0.682038307, 0.935639024, -0.335724652, 0.108943179, 0.18678008, 0.732847929, 0.654253125, -0.29948765, -0.591796398, 0.748387754) + game.Workspace.vis.armA.Position
 armA[48] = CFrame.new(0.523635447, -0.441934228, 0.685342729, 0.944256842, -0.309617311, 0.111875631, 0.165842324, 0.740929604, 0.650784075, -0.28438592, -0.595953524, 0.75097537) + game.Workspace.vis.armA.Position
 armA[49] = CFrame.new(0.515478313, -0.448132366, 0.688575029, 0.952153683, -0.283270031, 0.114722699, 0.144693881, 0.748468101, 0.647193193, -0.269196749, -0.599627793, 0.753644168) + game.Workspace.vis.armA.Position
 armA[50] = CFrame.new(0.494627148, -0.472961068, 0.647923946, 0.959441662, -0.240309566, 0.147387683, 0.11055626, 0.801685393, 0.587433279, -0.259324402, -0.547313273, 0.795738101) + game.Workspace.vis.armA.Position
 armA[51] = CFrame.new(0.472916573, -0.497332066, 0.606474042, 0.964880884, -0.194405317, 0.17666769, 0.075233601, 0.848875761, 0.523211062, -0.25168395, -0.491545022, 0.833689809) + game.Workspace.vis.armA.Position
 armA[52] = CFrame.new(0.450413287, -0.521095276, 0.564313233, 0.968382418, -0.146111518, 0.202205405, 0.0391381532, 0.889481068, 0.45529294, -0.246381387, -0.432983756, 0.867076218) + game.Workspace.vis.armA.Position
 armA[53] = CFrame.new(0.439487189, -0.533792317, 0.541427016, 0.966726959, -0.121040419, 0.225362301, 0.0229066517, 0.918394983, 0.395001352, -0.254782706, -0.37669614, 0.890609741) + game.Workspace.vis.armA.Position
 armA[54] = CFrame.new(0.432770163, -0.541102946, 0.527531505, 0.965441227, -0.105242327, 0.238426521, 0.0134158796, 0.933696747, 0.357813209, -0.260275155, -0.342248917, 0.90284127) + game.Workspace.vis.armA.Position
 armA[55] = CFrame.new(0.423637599, -0.55047363, 0.508840561, 0.963384688, -0.0833754987, 0.254830241, 0.00109823444, 0.951642096, 0.307206959, -0.268120706, -0.295678616, 0.916889071) + game.Workspace.vis.armA.Position
 armA[56] = CFrame.new(0.410705328, -0.562025964, 0.482276678, 0.946945608, -0.0386242867, 0.319064319, -0.0156932436, 0.986011446, 0.16593717, -0.321010351, -0.162140653, 0.933093131) + game.Workspace.vis.armA.Position
 armA[57] = CFrame.new(0.40205732, -0.566953421, 0.466146886, 0.935256839, -0.00744929677, 0.353891641, -0.0218245704, 0.996662855, 0.078656882, -0.353296608, -0.081287913, 0.931973159) + game.Workspace.vis.armA.Position
 armA[58] = CFrame.new(0.389662832, -0.571116865, 0.444871575, 0.917866468, 0.0382936783, 0.395037532, -0.0252261963, 0.998950839, -0.0382222645, -0.396086723, 0.0251176395, 0.917869449) + game.Workspace.vis.armA.Position
 armA[59] = CFrame.new(0.386890709, -0.571224153, 0.440422356, 0.913436234, 0.0460087471, 0.404372871, -0.0233450867, 0.997876823, -0.0608023629, -0.40631178, 0.046098955, 0.912570953) + game.Workspace.vis.armA.Position
 armA[60] = CFrame.new(0.38407442, -0.571220458, 0.436002403, 0.908911169, 0.0539338514, 0.413487047, -0.0212092083, 0.996296108, -0.0833322704, -0.416449964, 0.0669718981, 0.906688571) + game.Workspace.vis.armA.Position
 armA[61] = CFrame.new(0.381220937, -0.571102083, 0.431619287, 0.904299378, 0.0620407574, 0.42236647, -0.0188085288, 0.994212866, -0.105768763, -0.426484197, 0.0877025351, 0.90023303) + game.Workspace.vis.armA.Position
 armA[62] = CFrame.new(0.386575878, -0.564074516, 0.431888759, 0.904558778, 0.0371184796, 0.424730152, 0.00445823325, 0.995324969, -0.0964794084, -0.426325709, 0.0891648382, 0.900164425) + game.Workspace.vis.armA.Position
 armA[63] = CFrame.new(0.389743537, -0.559817672, 0.432056755, 0.904438019, 0.0221528448, 0.426029503, 0.0184195358, 0.995691597, -0.0908780843, -0.426207215, 0.0900408626, 0.900133312) + game.Workspace.vis.armA.Position
 armA[64] = CFrame.new(0.395579964, -0.552542865, 0.432529956, 0.903870344, -0.00295843836, 0.427796185, 0.0413228273, 0.995904028, -0.080421865, -0.425806016, 0.0903686807, 0.90029043) + game.Workspace.vis.armA.Position
 armA[65] = CFrame.new(0.400552928, -0.547861516, 0.433251411, 0.903484046, -0.0184157658, 0.428225935, 0.05421184, 0.995962918, -0.071546644, -0.425179571, 0.0878561586, 0.900834978) + game.Workspace.vis.armA.Position
 armA[66] = CFrame.new(0.407130778, -0.541570067, 0.434209138, 0.902660012, -0.0390224643, 0.428581715, 0.0713890791, 0.995660305, -0.0597014688, -0.424392045, 0.0844861716, 0.901528478) + game.Workspace.vis.armA.Position
 armA[67] = CFrame.new(0.41366604, -0.53522414, 0.435134143, 0.901507258, -0.0596664473, 0.428631157, 0.0885522142, 0.994926393, -0.0477490425, -0.423607409, 0.0810023397, 0.902216971) + game.Workspace.vis.armA.Position
 armA[68] = CFrame.new(0.44391337, -0.526413918, 0.400650829, 0.926775157, -0.145306811, 0.346372157, 0.119167812, 0.988248527, 0.0957278535, -0.356211722, -0.0474418029, 0.933200121) + game.Workspace.vis.armA.Position
 armA[69] = CFrame.new(0.477027297, -0.507897198, 0.357333839, 0.945303559, -0.235556215, 0.225642085, 0.171953455, 0.947682917, 0.268940836, -0.277187824, -0.215430781, 0.93635267) + game.Workspace.vis.armA.Position
 armA[70] = CFrame.new(0.49664253, -0.489518762, 0.322214603, 0.94926697, -0.287832886, 0.126666516, 0.218562335, 0.893473744, 0.392345846, -0.226103246, -0.344756424, 0.911054552) + game.Workspace.vis.armA.Position
 armA[71] = CFrame.new(0.503884017, -0.47728461, 0.297287375, 0.947678506, -0.312557638, 0.0649087429, 0.247259423, 0.847306073, 0.47003752, -0.201911405, -0.429395109, 0.880256474) + game.Workspace.vis.armA.Position
 armA[72] = CFrame.new(0.512183428, -0.458081692, 0.262115657, 0.940780818, -0.338334918, -0.0214699395, 0.290893167, 0.773095429, 0.563652813, -0.174105108, -0.536519229, 0.825732708) + game.Workspace.vis.armA.Position
 armA[73] = CFrame.new(0.518787324, -0.436133265, 0.224196434, 0.928272784, -0.355135143, -0.110402778, 0.339162052, 0.686606169, 0.643071651, -0.152574092, -0.634390354, 0.757806182) + game.Workspace.vis.armA.Position
 armA[74] = CFrame.new(0.518787324, -0.436133265, 0.224196449, 0.928272784, -0.355135143, -0.110402793, 0.339162052, 0.686606169, 0.643071592, -0.152574107, -0.634390295, 0.757806182) + game.Workspace.vis.armA.Position
 armA[75] = CFrame.new(0.518787324, -0.436133265, 0.224196434, 0.928272784, -0.355135143, -0.110402778, 0.339162022, 0.686606169, 0.643071592, -0.152574092, -0.634390295, 0.757806182) + game.Workspace.vis.armA.Position
 armA[76] = CFrame.new(0.521679521, -0.368389368, 0.063626565, 0.866056204, -0.263258994, -0.425019294, 0.498876184, 0.399462998, 0.769124031, -0.0326993763, -0.878136694, 0.477291077) + game.Workspace.vis.armA.Position
 armA[77] = CFrame.new(0.52515763, -0.389376462, -0.00971961021, 0.889387071, -0.259658992, -0.376255214, 0.446126401, 0.313282788, 0.838346839, -0.0998099968, -0.913472056, 0.394470334) + game.Workspace.vis.armA.Position
 armA[78] = CFrame.new(0.52911675, -0.419857621, -0.10063912, 0.913998008, -0.25802961, -0.313094944, 0.367738396, 0.200865716, 0.907976568, -0.171394795, -0.945025802, 0.278478265) + game.Workspace.vis.armA.Position
 armA[79] = CFrame.new(0.531262338, -0.44031921, -0.154509231, 0.926201463, -0.258584678, -0.274380326, 0.315232724, 0.131891459, 0.939804733, -0.20683068, -0.95694226, 0.203672409) + game.Workspace.vis.armA.Position
 armA[80] = CFrame.new(0.531664073, -0.462710351, -0.191989064, 0.933523118, -0.252302259, -0.254711956, 0.27932179, 0.0664517879, 0.957895398, -0.224753112, -0.965364099, 0.132507786) + game.Workspace.vis.armA.Position
 armA[81] = CFrame.new(0.532061517, -0.485833228, -0.229351953, 0.940255523, -0.246734783, -0.234609216, 0.242185891, 0.000371783972, 0.970229864, -0.239302188, -0.969083071, 0.0601052642) + game.Workspace.vis.armA.Position
 armA[82] = CFrame.new(0.532452524, -0.509703577, -0.266552448, 0.94637388, -0.24189721, -0.214154392, 0.204162911, -0.0659491122, 0.976713002, -0.25038746, -0.96805805, -0.0130261183) + game.Workspace.vis.armA.Position
 armA[83] = CFrame.new(0.531725347, -0.563704312, -0.296684563, 0.948663056, -0.233562827, -0.213276833, 0.181485444, -0.150292203, 0.971841276, -0.259039819, -0.960656404, -0.100188404) + game.Workspace.vis.armA.Position
 armA[84] = CFrame.new(0.531011641, -0.618281603, -0.327317953, 0.950974882, -0.225299537, -0.211865678, 0.158337533, -0.233777687, 0.959310889, -0.265661746, -0.945826709, -0.186643317) + game.Workspace.vis.armA.Position
 armA[85] = CFrame.new(0.53029716, -0.679939151, -0.359975994, 0.953667343, -0.216547966, -0.208867788, 0.134226769, -0.315076351, 0.939526558, -0.269261837, -0.924031317, -0.271411479) + game.Workspace.vis.armA.Position
 armA[86] = CFrame.new(0.5302158, -0.705830872, -0.366288453, 0.955141604, -0.214070976, -0.204641804, 0.131345883, -0.313118756, 0.94058758, -0.265429676, -0.925273061, -0.270955384) + game.Workspace.vis.armA.Position
 armA[87] = CFrame.new(0.530124426, -0.731756449, -0.372578442, 0.956594646, -0.211545795, -0.200436845, 0.128486067, -0.311174691, 0.941627085, -0.261568129, -0.926508844, -0.270487338) + game.Workspace.vis.armA.Position
 armA[88] = CFrame.new(0.530047774, -0.751236618, -0.377273381, 0.957680225, -0.20959653, -0.197276786, 0.126375735, -0.309604526, 0.942430019, -0.258607835, -0.927477539, -0.270014167) + game.Workspace.vis.armA.Position
 armA[89] = CFrame.new(0.527431607, -0.79573828, -0.37556392, 0.969682276, -0.174834251, -0.170731887, 0.143920645, -0.156051844, 0.977207601, -0.197492391, -0.97215271, -0.126158416) + game.Workspace.vis.armA.Position
 armA[90] = CFrame.new(0.523736715, -0.842801929, -0.376618803, 0.979354858, -0.134966433, -0.150492072, 0.15231134, 0.00319632888, 0.988327324, -0.132909983, -0.990844965, 0.0236872435) + game.Workspace.vis.armA.Position
 armA[91] = CFrame.new(0.519155025, -0.891499996, -0.381014764, 0.986201286, -0.0920573398, -0.137594834, 0.151092723, 0.160820782, 0.975350022, -0.0676600188, -0.982681096, 0.172510862) + game.Workspace.vis.armA.Position
 armA[92] = CFrame.new(0.51805073, -0.907433629, -0.384864271, 0.987569988, -0.0820721686, -0.134051055, 0.151166528, 0.262291372, 0.953074932, -0.0430604964, -0.9614923, 0.271437675) + game.Workspace.vis.armA.Position
 armA[93] = CFrame.new(0.516856968, -0.923467994, -0.390131414, 0.988708973, -0.0717098638, -0.131575689, 0.148704261, 0.361248761, 0.920535862, -0.0184799619, -0.929708004, 0.367833436) + game.Workspace.vis.armA.Position
 armA[94] = CFrame.new(0.515599251, -0.939377844, -0.396812677, 0.989603162, -0.0611799359, -0.130163953, 0.143714339, 0.456129074, 0.878232479, 0.00564135239, -0.887808084, 0.460179269) + game.Workspace.vis.armA.Position
 armA[95] = CFrame.new(0.519254804, -0.963929534, -0.411608577, 0.995313287, -0.0812486559, -0.0524421446, 0.0947503448, 0.710923612, 0.696857214, -0.0193363652, -0.698560178, 0.71529001) + game.Workspace.vis.armA.Position
 armA[96] = CFrame.new(0.519589365, -0.976607978, -0.432046384, 0.996537089, -0.0821962133, 0.0125543643, 0.0651543736, 0.865721703, 0.496266931, -0.0516598299, -0.493730426, 0.868079305) + game.Workspace.vis.armA.Position
 armA[97] = CFrame.new(0.518046737, -0.979078472, -0.451231211, 0.995004833, -0.0726150498, 0.0685011446, 0.0503341258, 0.957528353, 0.283911824, -0.0862080529, -0.279045701, 0.956400394) + game.Workspace.vis.armA.Position
 armA[98] = CFrame.new(0.51696372, -0.973374605, -0.453753859, 0.993353248, -0.06661807, 0.0938686877, 0.0512401909, 0.986167252, 0.157634601, -0.103071541, -0.151777014, 0.983025968) + game.Workspace.vis.armA.Position
 armA[99] = CFrame.new(0.514265537, -0.959207892, -0.45805943, 0.9895854, -0.0512388721, 0.134518906, 0.0594580621, 0.996555448, -0.0578094423, -0.131093472, 0.0652056336, 0.989223242) + game.Workspace.vis.armA.Position
 armA[100] = CFrame.new(0.510751665, -0.91653496, -0.463956684, 0.984902263, -0.0309264362, 0.170326456, 0.0863437653, 0.940548837, -0.328500569, -0.150040984, 0.338247567, 0.929019034) + game.Workspace.vis.armA.Position
 armA[101] = CFrame.new(0.504907429, -0.804900527, -0.467339337, 0.97898376, 0.00522891432, 0.203870624, 0.146198437, 0.678975105, -0.719457328, -0.142185077, 0.734142661, 0.663941145) + game.Workspace.vis.armA.Position
 armA[102] = CFrame.new(0.492363662, -0.586070836, -0.407529175, 0.971381783, 0.0892989188, 0.220098317, 0.227687687, -0.0861749128, -0.969913602, -0.0676452667, 0.992269993, -0.104040995) + game.Workspace.vis.armA.Position
 armA[103] = CFrame.new(0.485936463, -0.434725106, -0.307285696, 0.969340563, 0.13472572, 0.205493286, 0.245519966, -0.564816236, -0.787846744, 0.00992271397, 0.814144611, -0.580577254) + game.Workspace.vis.armA.Position
 armA[104] = CFrame.new(0.485160202, -0.305196553, -0.22198531, 0.967222452, 0.137839243, 0.213262066, 0.244952157, -0.727812827, -0.640536368, 0.0669237897, 0.671780229, -0.737721086) + game.Workspace.vis.armA.Position
 armA[105] = CFrame.new(0.48447305, -0.215343744, -0.155574784, 0.965557218, 0.140861034, 0.218763828, 0.236101881, -0.827655494, -0.509158492, 0.109340504, 0.543272138, -0.832406163) + game.Workspace.vis.armA.Position
 armA[106] = CFrame.new(0.488941997, -0.00761213899, 0.017954208, 0.95758599, 0.0973679349, 0.27119711, 0.165373564, -0.95644927, -0.240533441, 0.235966042, 0.27518037, -0.931984842) + game.Workspace.vis.armA.Position
 armA[107] = CFrame.new(0.501780927, 0.241242558, 0.254199624, 0.914522707, -0.0531502739, 0.401027977, -0.0427460372, -0.998477817, -0.0348532796, 0.402270019, 0.014731735, -0.915402532) + game.Workspace.vis.armA.Position
 armA[108] = CFrame.new(0.509003401, 0.483476043, 0.499717355, 0.797941804, -0.254929215, 0.546168804, -0.403834492, -0.898809731, 0.170466542, 0.447444886, -0.356584102, -0.820146859) + game.Workspace.vis.armA.Position
 armA[109] = CFrame.new(0.504338026, 0.673120677, 0.627934694, 0.626465321, -0.437505722, 0.645081282, -0.727958739, -0.624220192, 0.283593714, 0.278598845, -0.647254169, -0.7095384) + game.Workspace.vis.armA.Position
 armA[110] = CFrame.new(0.501413286, 0.658812582, 0.65977025, 0.569483757, -0.487908423, 0.661538959, -0.809928894, -0.470488548, 0.350222528, 0.140369892, -0.735245466, -0.66310662) + game.Workspace.vis.armA.Position
 armA[111] = CFrame.new(0.496447504, 0.645807147, 0.664248228, 0.493516803, -0.54713583, 0.67607981, -0.867832363, -0.258373708, 0.424394011, -0.0575200319, -0.796169221, -0.602333844) + game.Workspace.vis.armA.Position
 armA[112] = CFrame.new(0.492800862, 0.644961119, 0.649402261, 0.445878267, -0.580298126, 0.681503296, -0.876263559, -0.127636701, 0.464619249, -0.182632819, -0.804340065, -0.565404534) + game.Workspace.vis.armA.Position
 armA[113] = CFrame.new(0.492806435, 0.568276703, 0.679272234, 0.445878237, -0.580298007, 0.681503117, -0.821496427, 0.0370399356, 0.569009304, -0.355437785, -0.81356132, -0.460197538) + game.Workspace.vis.armA.Position
 armA[114] = CFrame.new(0.492812067, 0.495505512, 0.694844961, 0.445878267, -0.580298126, 0.681503296, -0.731732965, 0.202195108, 0.65091002, -0.515518486, -0.788905025, -0.334468871) + game.Workspace.vis.armA.Position
 armA[115] = CFrame.new(0.49281764, 0.43118, 0.698411644, 0.445878267, -0.580298126, 0.681503296, -0.612931788, 0.356917143, 0.704928875, -0.65230912, -0.732027411, -0.196541548) + game.Workspace.vis.armA.Position
 armA[116] = CFrame.new(0.492793053, 0.400250018, 0.701473355, 0.445878237, -0.580298066, 0.681503236, -0.560539365, 0.412570834, 0.718039751, -0.697845459, -0.70216769, -0.141323566) + game.Workspace.vis.armA.Position
 armA[117] = CFrame.new(0.492768526, 0.371472269, 0.702047467, 0.445878267, -0.580298126, 0.681503296, -0.50457418, 0.465925217, 0.726855218, -0.739322305, -0.667957902, -0.0850575268) + game.Workspace.vis.armA.Position
 armA[118] = CFrame.new(0.495212227, 0.325154275, 0.690346181, 0.433051974, -0.615001738, 0.658967972, -0.40418607, 0.520960927, 0.751820147, -0.80566746, -0.59192276, -0.0229721069) + game.Workspace.vis.armA.Position
 armA[119] = CFrame.new(0.500514925, 0.273092985, 0.656276405, 0.387415826, -0.712481976, 0.585045695, -0.270812571, 0.518654764, 0.810961127, -0.881232023, -0.472616792, 0.0079857707) + game.Workspace.vis.armA.Position
 armA[120] = CFrame.new(0.502463341, 0.224426359, 0.610117018, 0.311028898, -0.82389462, 0.47377041, -0.0823506191, 0.473257899, 0.877066255, -0.946825862, -0.311808348, 0.0793487653) + game.Workspace.vis.armA.Position
 armA[121] = CFrame.new(0.498509258, 0.198317111, 0.574275553, 0.220360503, -0.909321725, 0.352952033, 0.0996444151, 0.380939394, 0.919215024, -0.970315635, -0.167388976, 0.174552813) + game.Workspace.vis.armA.Position
 armA[122] = CFrame.new(0.495962918, 0.171339333, 0.539814711, 0.183058664, -0.937555313, 0.295769274, 0.18320924, 0.328116715, 0.926700473, -0.965879798, -0.115452886, 0.231833398) + game.Workspace.vis.armA.Position
 armA[123] = CFrame.new(0.492671043, 0.15032199, 0.507768929, 0.145373821, -0.960704446, 0.23645997, 0.264414757, 0.268031448, 0.926414549, -0.953389347, -0.0721529573, 0.292989314) + game.Workspace.vis.armA.Position
 armA[124] = CFrame.new(0.489680618, 0.125413463, 0.45876503, 0.112828366, -0.97960037, 0.166291073, 0.355130255, 0.196062535, 0.914025187, -0.927982926, -0.0440729931, 0.370007128) + game.Workspace.vis.armA.Position
 armA[125] = CFrame.new(0.492879927, 0.105368137, 0.398505867, 0.130073547, -0.981666088, 0.139329076, 0.396104872, 0.180270717, 0.900335252, -0.908945441, -0.0619208738, 0.412291229) + game.Workspace.vis.armA.Position
 armA[126] = CFrame.new(0.498641014, 0.0964779109, 0.307510197, 0.164142236, -0.981558621, 0.0979768783, 0.462669849, 0.164328396, 0.871167243, -0.87120235, -0.0976644158, 0.48111099) + game.Workspace.vis.armA.Position
 armA[127] = CFrame.new(0.502233267, 0.101170942, 0.253042102, 0.186997771, -0.979445696, 0.0756186843, 0.513447583, 0.163072944, 0.842483878, -0.837498426, -0.118716411, 0.533388317) + game.Workspace.vis.armA.Position
 armA[128] = CFrame.new(0.502126217, 0.09415631, 0.219797939, 0.186154693, -0.97971499, 0.0741954148, 0.566659808, 0.168747008, 0.806486964, -0.802647591, -0.108087771, 0.586578131) + game.Workspace.vis.armA.Position
 armA[129] = CFrame.new(0.502027631, 0.0918332189, 0.191993639, 0.185369909, -0.979973197, 0.0727367401, 0.617615461, 0.173759595, 0.767045438, -0.764322639, -0.0972637758, 0.637456417) + game.Workspace.vis.armA.Position
 armA[130] = CFrame.new(0.497464627, 0.111567684, 0.176849008, 0.172331244, -0.982153177, 0.0753462836, 0.730210304, 0.178713396, 0.659434974, -0.661131501, -0.058622621, 0.747976243) + game.Workspace.vis.armA.Position
 armA[131] = CFrame.new(0.483847052, 0.163762555, 0.228791937, 0.134715781, -0.987131298, 0.0861608684, 0.910135925, 0.157650292, 0.383144081, -0.391796589, 0.0268024728, 0.919661522) + game.Workspace.vis.armA.Position
 armA[132] = CFrame.new(0.465295762, 0.183591172, 0.394189805, 0.0840658844, -0.991450012, 0.0997993648, 0.995592892, 0.0793925822, -0.0499158204, 0.0415656567, 0.103555717, 0.993754745) + game.Workspace.vis.armA.Position
 armA[133] = CFrame.new(0.446337372, 0.10493084, 0.620850742, 0.033085674, -0.99310267, 0.112483263, 0.887010694, -0.0226854384, -0.461191207, 0.460561991, 0.115032658, 0.880142093) + game.Workspace.vis.armA.Position
 armA[134] = CFrame.new(0.440858811, 0.0077043511, 0.691078246, 0.0205603242, -0.993109465, 0.115372449, 0.813492894, -0.0504666939, -0.579381108, 0.581211329, 0.105766922, 0.806849837) + game.Workspace.vis.armA.Position
 armA[135] = CFrame.new(0.435358673, -0.0986118242, 0.76034534, 0.00804185867, -0.992946863, 0.118287504, 0.723322511, -0.0759022608, -0.686325967, 0.690463543, 0.0910793394, 0.717610359) + game.Workspace.vis.armA.Position
 armA[136] = CFrame.new(0.429844201, -0.213596746, 0.827048838, -0.00444588065, -0.992617667, 0.121203631, 0.618729949, -0.0979489386, -0.779473603, 0.785591066, 0.0715269297, 0.614597678) + game.Workspace.vis.armA.Position
 armA[137] = CFrame.new(0.433016807, -0.523506105, 0.861875713, 0.0114227831, -0.99619782, 0.0863676071, 0.501173973, -0.0690374374, -0.862588227, 0.865271091, 0.0531384312, 0.498479784) + game.Workspace.vis.armA.Position
 armA[138] = CFrame.new(0.434625506, -0.711250186, 0.881531537, 0.0197167397, -0.997699022, 0.0648680031, 0.425299078, -0.0503484271, -0.903651237, 0.904837966, 0.0454053804, 0.423327744) + game.Workspace.vis.armA.Position
 armA[139] = CFrame.new(0.436416358, -0.963275492, 0.906047881, 0.029294014, -0.998934031, 0.0356706381, 0.319306701, -0.0244644042, -0.947335482, 0.947198391, 0.0391411446, 0.318249732) + game.Workspace.vis.armA.Position
 armA[140] = CFrame.new(0.440275788, -1.03960729, 0.905746222, 0.0523351729, -0.998550415, 0.0125693381, 0.287338525, 0.00300301937, -0.957824349, 0.956398129, 0.0537395254, 0.287079155) + game.Workspace.vis.armA.Position
 armA[141] = CFrame.new(0.443870276, -1.11603022, 0.905085564, 0.0746181607, -0.997148752, -0.0112483501, 0.254424125, 0.0299430583, -0.966629207, 0.964209855, 0.0692661703, 0.255933076) + game.Workspace.vis.armA.Position
 armA[142] = CFrame.new(0.447221994, -1.19243658, 0.904058278, 0.096234858, -0.994714856, -0.0357920527, 0.220895827, 0.05640544, -0.973664939, 0.970537901, 0.0857942328, 0.225156516) + game.Workspace.vis.armA.Position
 armA[143] = CFrame.new(0.488669753, -1.1783216, 0.881446362, 0.32542628, -0.935057521, -0.14058882, 0.439981401, 0.281346381, -0.85279572, 0.83696717, 0.215665728, 0.502965391) + game.Workspace.vis.armA.Position
 armA[144] = CFrame.new(0.527670622, -1.18457067, 0.836344957, 0.607546091, -0.770336688, -0.193569243, 0.569872856, 0.592513502, -0.569361627, 0.553292572, 0.235603556, 0.798973203) + game.Workspace.vis.armA.Position
 armA[145] = CFrame.new(0.541846156, -1.19896996, 0.807625294, 0.748348713, -0.638730824, -0.178877249, 0.555896759, 0.751057863, -0.356217414, 0.361874223, 0.167137578, 0.917121649) + game.Workspace.vis.armA.Position
 armA[146] = CFrame.new(0.546335757, -1.19512761, 0.804396152, 0.836395502, -0.529312015, -0.142377168, 0.513236225, 0.847467542, -0.135599643, 0.192434579, 0.0403418541, 0.980480194) + game.Workspace.vis.armA.Position
 armA[147] = CFrame.new(0.547254145, -1.19342411, 0.803655088, 0.880491436, -0.461470395, -0.108535424, 0.464152008, 0.88575542, -0.000626385212, 0.0964248925, -0.0498254299, 0.994092464) + game.Workspace.vis.armA.Position
 armA[148] = CFrame.new(0.546410501, -1.19088233, 0.804422796, 0.926855743, -0.371908128, -0.0512133092, 0.374978155, 0.91051656, 0.174215198, -0.0181614906, -0.180676192, 0.983374953) + game.Workspace.vis.armA.Position
 armA[149] = CFrame.new(0.447420597, -1.17341483, 0.851016879, 0.959828734, -0.280428529, 0.00941540394, 0.257496238, 0.893675864, 0.367476493, -0.111465238, -0.35029009, 0.929985046) + game.Workspace.vis.armA.Position
 armA[150] = CFrame.new(0.346561462, -1.14935279, 0.900773585, 0.977096498, -0.194898874, 0.0854214355, 0.119010344, 0.83327204, 0.539901972, -0.176405594, -0.517370343, 0.837382257) + game.Workspace.vis.armA.Position
 armA[151] = CFrame.new(0.244384557, -1.11741376, 0.952625036, 0.977664113, -0.120321169, 0.17232433, -0.029683806, 0.732647479, 0.679960728, -0.208066642, -0.669888437, 0.712711573) + game.Workspace.vis.armA.Position
 armA[152] = CFrame.new(0.21094586, -1.09063613, 0.959137738, 0.978381276, -0.0950615406, 0.183666572, -0.0695416331, 0.68515867, 0.725066543, -0.1947667, -0.722163916, 0.663735628) + game.Workspace.vis.armA.Position
 armA[153] = CFrame.new(0.177398592, -1.0627234, 0.965552568, 0.978037298, -0.0703364536, 0.19620356, -0.108176954, 0.633331358, 0.766282678, -0.178159475, -0.770677745, 0.611812949) + game.Workspace.vis.armA.Position
 armA[154] = CFrame.new(0.143789232, -1.03363299, 0.971771598, 0.976636231, -0.0462612286, 0.209860697, -0.145256549, 0.577580869, 0.803306162, -0.158373475, -0.815021574, 0.557366729) + game.Workspace.vis.armA.Position
 armA[155] = CFrame.new(0.143924594, -0.953766465, 0.963667393, 0.975574195, 0.00358251855, 0.219640926, -0.18407461, 0.558992445, 0.808482528, -0.119881213, -0.829165041, 0.545998096) + game.Workspace.vis.armA.Position
 armA[156] = CFrame.new(0.143453687, -0.854728997, 0.956330776, 0.969541788, 0.0647041127, 0.236224741, -0.233719856, 0.532810092, 0.813319325, -0.0732377917, -0.84375751, 0.531704307) + game.Workspace.vis.armA.Position
 armA[157] = CFrame.new(0.142899871, -0.79583168, 0.953247428, 0.96346432, 0.100255586, 0.248365253, -0.263812393, 0.515364707, 0.815354049, -0.0462548584, -0.851086378, 0.522984147) + game.Workspace.vis.armA.Position
 armA[158] = CFrame.new(0.14400959, -0.748364687, 0.956265748, 0.961285412, 0.106888294, 0.253978848, -0.272187769, 0.511971712, 0.814738512, -0.0429439768, -0.852326155, 0.521244645) + game.Workspace.vis.armA.Position
 armA[159] = CFrame.new(0.144678712, -0.719990909, 0.958280325, 0.959925294, 0.110776573, 0.257433176, -0.277231932, 0.509906232, 0.814332843, -0.041057758, -0.853067458, 0.520182729) + game.Workspace.vis.armA.Position
 armA[160] = CFrame.new(0.14558576, -0.68226409, 0.961188197, 0.958057463, 0.115762666, 0.262154222, -0.283946127, 0.507103324, 0.813769519, -0.0387351438, -0.854075611, 0.518704474) + game.Workspace.vis.armA.Position
 armA[161] = CFrame.new(0.161053553, -0.596234322, 0.953070223, 0.956021488, -0.0121085644, 0.293046653, -0.249827266, 0.489817262, 0.835263669, -0.153653175, -0.871741056, 0.465250731) + game.Workspace.vis.armA.Position
 armA[162] = CFrame.new(0.169109583, -0.54471761, 0.947166562, 0.947181225, -0.0893427655, 0.308002681, -0.23078765, 0.476965606, 0.848080754, -0.222676575, -0.874369323, 0.431153625) + game.Workspace.vis.armA.Position
 armA[163] = CFrame.new(0.178245142, -0.476284593, 0.938309431, 0.926689088, -0.191355824, 0.323466152, -0.207449943, 0.457238913, 0.864810467, -0.313387781, -0.868513465, 0.384021491) + game.Workspace.vis.armA.Position
 armA[164] = CFrame.new(0.185532942, -0.439971, 0.933288693, 0.9029544, -0.274125189, 0.330951273, -0.177911162, 0.462568879, 0.868549228, -0.391178966, -0.843140244, 0.368908674) + game.Workspace.vis.armA.Position
 armA[165] = CFrame.new(0.189225748, -0.417991966, 0.930074573, 0.885423422, -0.322879255, 0.334326774, -0.159591839, 0.464379549, 0.871138334, -0.436526984, -0.824682117, 0.359643668) + game.Workspace.vis.armA.Position
 armA[166] = CFrame.new(0.195402622, -0.380655497, 0.924689054, 0.845699131, -0.414710879, 0.335868895, -0.1161898, 0.471183658, 0.874348879, -0.52085793, -0.778460622, 0.350294411) + game.Workspace.vis.armA.Position
 armA[167] = CFrame.new(0.200461894, -0.356596917, 0.921919703, 0.802680135, -0.497282535, 0.329263687, -0.0579156578, 0.484476328, 0.872885108, -0.593591034, -0.719717085, 0.36007908) + game.Workspace.vis.armA.Position
 armA[168] = CFrame.new(0.204903603, -0.314817965, 0.918191314, 0.715145707, -0.625171006, 0.312614262, 0.0467662066, 0.489040166, 0.871006668, -0.697409034, -0.608276963, 0.378971875) + game.Workspace.vis.armA.Position
 armA[169] = CFrame.new(0.20515348, -0.289018691, 0.916940331, 0.6543262, -0.694386303, 0.29947415, 0.112063333, 0.480683267, 0.869704127, -0.747862935, -0.535510182, 0.392338872) + game.Workspace.vis.armA.Position
 armA[170] = CFrame.new(0.206370875, -0.280520558, 0.915412962, 0.635247946, -0.714218318, 0.293857455, 0.144843459, 0.483918071, 0.863043308, -0.758604288, -0.505683184, 0.410857856) + game.Workspace.vis.armA.Position
 armA[171] = CFrame.new(0.207226902, -0.273814857, 0.914302707, 0.619610906, -0.729678154, 0.289227068, 0.171320528, 0.485325009, 0.857385039, -0.765984178, -0.481694579, 0.425721526) + game.Workspace.vis.armA.Position
 armA[172] = CFrame.new(0.207810506, -0.26888299, 0.913506627, 0.607739508, -0.740982592, 0.285652608, 0.191320062, 0.485721707, 0.852919042, -0.770745873, -0.463701546, 0.436957121) + game.Workspace.vis.armA.Position
 armA[173] = CFrame.new(0.219889373, -0.30879277, 0.877328575, 0.668885767, -0.700225353, 0.249552131, 0.247937992, 0.52663219, 0.813133001, -0.700798571, -0.482019633, 0.52586925) + game.Workspace.vis.armA.Position
 armA[174] = CFrame.new(0.230725914, -0.348550737, 0.839311123, 0.724777281, -0.656850338, 0.207955405, 0.29689467, 0.570121229, 0.766038716, -0.621732593, -0.493466616, 0.60822624) + game.Workspace.vis.armA.Position
 armA[175] = CFrame.new(0.240266263, -0.388097256, 0.799216151, 0.774592459, -0.611497641, 0.161483735, 0.337141186, 0.615245879, 0.712606609, -0.53510952, -0.497536868, 0.682725906) + game.Workspace.vis.armA.Position
 armA[176] = CFrame.new(0.247880757, -0.411196232, 0.775966346, 0.800283432, -0.583525419, 0.138002291, 0.353154898, 0.644681334, 0.677987933, -0.484590709, -0.493846327, 0.722002566) + game.Workspace.vis.armA.Position
 armA[177] = CFrame.new(0.255121559, -0.434448063, 0.752354205, 0.823982954, -0.55528599, 0.112736851, 0.366262704, 0.673787475, 0.64176476, -0.432323664, -0.487511903, 0.758569837) + game.Workspace.vis.armA.Position
 armA[178] = CFrame.new(0.262001514, -0.457835972, 0.728345454, 0.84556675, -0.526925385, 0.0858277231, 0.376386821, 0.702397585, 0.604127824, -0.378615499, -0.478526026, 0.792251885) + game.Workspace.vis.armA.Position
 armA[179] = CFrame.new(0.285481572, -0.478484005, 0.721456468, 0.869808435, -0.489707977, 0.0601620376, 0.389335752, 0.75614804, 0.525982916, -0.303069413, -0.434081137, 0.848364651) + game.Workspace.vis.armA.Position
 armA[180] = CFrame.new(0.308513165, -0.499718338, 0.713568747, 0.890920579, -0.453108698, 0.0308719054, 0.394064486, 0.805037737, 0.443426996, -0.225773647, -0.382892728, 0.895778656) + game.Workspace.vis.armA.Position
 armA[181] = CFrame.new(0.331099629, -0.521419585, 0.704568446, 0.908618569, -0.417623788, -0.00162415951, 0.390509069, 0.848233998, 0.357773215, -0.148036927, -0.325713605, 0.933807075) + game.Workspace.vis.armA.Position
 armA[182] = CFrame.new(0.33653456, -0.529762805, 0.693442225, 0.917599916, -0.397503942, 0.000974085182, 0.375927418, 0.868583798, 0.322863191, -0.129185468, -0.295893043, 0.946445167) + game.Workspace.vis.armA.Position
