
 armA[1] = CFrame.new(0.438947469, -0.582422137, -0.33437556, 0.73398608, 0.461104214, 0.498645365, -0.196027979, 0.846788645, -0.494491637, -0.650259495, 0.265201539, 0.71192044) + game.Workspace.vis.armA.Position
 armA[2] = CFrame.new(0.443950444, -0.589252889, -0.327164739, 0.756658256, 0.42103982, 0.500193834, -0.189381123, 0.873388469, -0.448695242, -0.625781953, 0.244781718, 0.740593553) + game.Workspace.vis.armA.Position
 armA[3] = CFrame.new(0.458418757, -0.606040239, -0.303771347, 0.819296896, 0.297777325, 0.489980966, -0.15879342, 0.938978612, -0.305129379, -0.550942302, 0.172185779, 0.816587269) + game.Workspace.vis.armA.Position
 armA[4] = CFrame.new(0.471111715, -0.617174029, -0.278569341, 0.871693015, 0.174357101, 0.457985848, -0.113464937, 0.980978429, -0.157502577, -0.47673589, 0.0853285044, 0.874895275) + game.Workspace.vis.armA.Position
 armA[5] = CFrame.new(0.475949049, -0.610356152, -0.269260496, 0.924829662, -0.0340197012, 0.378857195, 0.0955288336, 0.984844387, -0.144761145, -0.368190676, 0.170071185, 0.914063156) + game.Workspace.vis.armA.Position
 armA[6] = CFrame.new(0.473792642, -0.600315094, -0.25608173, 0.928596556, -0.213065922, 0.303827852, 0.270085722, 0.949516356, -0.159600526, -0.254484057, 0.230264053, 0.939263642) + game.Workspace.vis.armA.Position
 armA[7] = CFrame.new(0.464024216, -0.585813999, -0.233780473, 0.884315372, -0.417528242, 0.208941221, 0.459165484, 0.858805597, -0.227200165, -0.0845774561, 0.296855241, 0.95116967) + game.Workspace.vis.armA.Position
 armA[8] = CFrame.new(0.443678617, -0.571723223, -0.203422785, 0.787810206, -0.603625357, 0.122439742, 0.607022047, 0.727270246, -0.320315629, 0.104303844, 0.3266716, 0.93936491) + game.Workspace.vis.armA.Position
 armA[9] = CFrame.new(0.415349633, -0.561067224, -0.164325342, 0.64885813, -0.759702027, 0.0428478904, 0.689834237, 0.563552201, -0.454464078, 0.321110308, 0.324440688, 0.88973397) + game.Workspace.vis.armA.Position
 armA[10] = CFrame.new(0.379597545, -0.558245122, -0.124013871, 0.487955868, -0.872825265, -0.00865978003, 0.706741035, 0.400889397, -0.582927823, 0.512265801, 0.278322875, 0.812477827) + game.Workspace.vis.armA.Position
 armA[11] = CFrame.new(0.349719822, -0.562344432, -0.0907898694, 0.360275418, -0.931829035, -0.0435481332, 0.661046922, 0.287963718, -0.692888021, 0.658193469, 0.220843151, 0.719728947) + game.Workspace.vis.armA.Position
 armA[12] = CFrame.new(0.31995666, -0.571028709, -0.0623917505, 0.241730496, -0.968409896, -0.0612271503, 0.593248785, 0.197426856, -0.780434966, 0.767868698, 0.152331993, 0.62223208) + game.Workspace.vis.armA.Position
 armA[13] = CFrame.new(0.301842988, -0.579418123, -0.0462989658, 0.179456428, -0.980880857, -0.0752874762, 0.531701088, 0.161096483, -0.831469774, 0.827701271, 0.10918206, 0.550445259) + game.Workspace.vis.armA.Position
 armA[14] = CFrame.new(0.287644684, -0.586682081, -0.0348681509, 0.131127596, -0.987932384, -0.0824312791, 0.481791139, 0.13617526, -0.865640461, 0.866419494, 0.0737947151, 0.493833482) + game.Workspace.vis.armA.Position
 armA[15] = CFrame.new(0.287644684, -0.586682022, -0.0348681584, 0.131127611, -0.987932384, -0.0824313089, 0.481791139, 0.136175334, -0.865640521, 0.866419554, 0.0737946779, 0.493833512) + game.Workspace.vis.armA.Position
 armA[16] = CFrame.new(0.298249066, -0.609299541, -0.00296906382, 0.0962898061, -0.947226107, -0.305762857, 0.452035427, 0.315299481, -0.834416211, 0.886787713, -0.0578698814, 0.458539873) + game.Workspace.vis.armA.Position
 armA[17] = CFrame.new(0.311175108, -0.602794886, 0.0419340022, 0.106478319, -0.925577164, -0.363275617, 0.510744154, 0.364382356, -0.778694987, 0.853113592, -0.102626733, 0.511531889) + game.Workspace.vis.armA.Position
 armA[18] = CFrame.new(0.329934061, -0.593531609, 0.1018373, 0.135926217, -0.885737062, -0.443840116, 0.590431213, 0.432170957, -0.681629896, 0.795559585, -0.169405729, 0.5817101) + game.Workspace.vis.armA.Position
 armA[19] = CFrame.new(0.366579205, -0.576970398, 0.206664041, 0.233047873, -0.781721234, -0.578446865, 0.715514421, 0.540669441, -0.442397714, 0.658580184, -0.310787201, 0.685334563) + game.Workspace.vis.armA.Position
 armA[20] = CFrame.new(0.407198459, -0.565643489, 0.302537858, 0.38096416, -0.65074271, -0.656810582, 0.775651753, 0.61157161, -0.156027138, 0.50322026, -0.450015604, 0.737736642) + game.Workspace.vis.armA.Position
 armA[21] = CFrame.new(0.453896642, -0.570569098, 0.375468045, 0.613230288, -0.481111199, -0.626482725, 0.716671586, 0.672384858, 0.185149312, 0.332160115, -0.562521517, 0.757125497) + game.Workspace.vis.armA.Position
 armA[22] = CFrame.new(0.48377642, -0.585917413, 0.441942632, 0.812781811, -0.311240524, -0.492458254, 0.551051795, 0.685011983, 0.476550758, 0.189017817, -0.658701777, 0.728274882) + game.Workspace.vis.armA.Position
 armA[23] = CFrame.new(0.475586593, -0.610334396, 0.469778359, 0.930963159, -0.182418659, -0.316276819, 0.346877486, 0.712238729, 0.610239327, 0.113945529, -0.67781955, 0.726345003) + game.Workspace.vis.armA.Position
 armA[24] = CFrame.new(0.428799748, -0.646757245, 0.516404808, 0.999805391, 0.0196894184, -0.00118273869, -0.0129628312, 0.70106566, 0.712978959, 0.0148673104, -0.712824821, 0.701184511) + game.Workspace.vis.armA.Position
 armA[25] = CFrame.new(0.341836363, -0.659899712, 0.540599823, 0.974708319, 0.145802274, 0.169368222, -0.222639561, 0.699233055, 0.679341435, -0.0193783715, -0.699867725, 0.714009643) + game.Workspace.vis.armA.Position
 armA[26] = CFrame.new(0.271638662, -0.667719245, 0.558906496, 0.926750898, 0.238024965, 0.290649116, -0.372668713, 0.680182397, 0.631244659, -0.0474424288, -0.693322361, 0.719064116) + game.Workspace.vis.armA.Position
 armA[27] = CFrame.new(0.211524114, -0.662105322, 0.569275975, 0.882381141, 0.321200848, 0.343850911, -0.46946466, 0.650236368, 0.597323775, -0.031723503, -0.688493073, 0.724548757) + game.Workspace.vis.armA.Position
 armA[28] = CFrame.new(0.149833262, -0.655532479, 0.579360008, 0.827681422, 0.400546074, 0.393073022, -0.5609411, 0.611678362, 0.557848275, -0.0169903152, -0.682211459, 0.730957627) + game.Workspace.vis.armA.Position
 armA[29] = CFrame.new(0.115099482, -0.638647377, 0.58920151, 0.771581173, 0.486748248, 0.409559101, -0.634599149, 0.544318199, 0.54863596, 0.0441171229, -0.683223069, 0.728875756) + game.Workspace.vis.armA.Position
 armA[30] = CFrame.new(0.0903274268, -0.625253558, 0.596364141, 0.727547526, 0.547077715, 0.413981318, -0.679447293, 0.491010964, 0.545215309, 0.0950057656, -0.677948475, 0.728944242) + game.Workspace.vis.armA.Position
 armA[31] = CFrame.new(0.0766075402, -0.61547941, 0.602885902, 0.702204287, 0.592767417, 0.394380242, -0.695598722, 0.453061521, 0.55756408, 0.151827335, -0.665854335, 0.730470061) + game.Workspace.vis.armA.Position
 armA[32] = CFrame.new(0.0775108337, -0.609343469, 0.607443988, 0.687382638, 0.6285761, 0.363864213, -0.695249379, 0.424560159, 0.579980135, 0.210079402, -0.651644707, 0.728852391) + game.Workspace.vis.armA.Position
 armA[33] = CFrame.new(0.122787863, -0.615282178, 0.607650638, 0.709200621, 0.638600647, 0.298703223, -0.649426103, 0.426864862, 0.629310906, 0.274372458, -0.64029336, 0.717456818) + game.Workspace.vis.armA.Position
 armA[34] = CFrame.new(0.183591664, -0.624149501, 0.60243988, 0.744891286, 0.634103835, 0.207482874, -0.574549377, 0.451572984, 0.682623506, 0.339160502, -0.627689421, 0.700696766) + game.Workspace.vis.armA.Position
 armA[35] = CFrame.new(0.291097701, -0.640855074, 0.582013607, 0.816170037, 0.576773226, 0.0346287675, -0.409992307, 0.535850763, 0.738085508, 0.407152176, -0.616600811, 0.673817873) + game.Workspace.vis.armA.Position
 armA[36] = CFrame.new(0.384474427, -0.65146029, 0.555454791, 0.861885965, 0.476536125, -0.173394725, -0.201734349, 0.635917902, 0.74492383, 0.465247929, -0.607059717, 0.644222438) + game.Workspace.vis.armA.Position
 armA[37] = CFrame.new(0.440325975, -0.641648829, 0.510641277, 0.852661073, 0.247380361, -0.460186929, 0.114720702, 0.770656645, 0.62683928, 0.509713888, -0.587274432, 0.628729284) + game.Workspace.vis.armA.Position
 armA[38] = CFrame.new(0.472112417, -0.630134761, 0.477923989, 0.771375656, 0.0532134324, -0.634151518, 0.336307585, 0.811892033, 0.477209359, 0.540256441, -0.581377566, 0.608377635) + game.Workspace.vis.armA.Position
 armA[39] = CFrame.new(0.451201528, -0.610963523, 0.389215827, 0.595848978, -0.255861819, -0.761248291, 0.546817839, 0.823480308, 0.151230201, 0.588178754, -0.506374478, 0.63057965) + game.Workspace.vis.armA.Position
 armA[40] = CFrame.new(0.406753838, -0.591049433, 0.275864124, 0.321201473, -0.594281495, -0.737332523, 0.670229733, 0.692712545, -0.266348571, 0.669045448, -0.40863058, 0.620805442) + game.Workspace.vis.armA.Position
 armA[41] = CFrame.new(0.366464555, -0.593834698, 0.164486408, 0.190007195, -0.767739117, -0.611942649, 0.632920146, 0.572275519, -0.521452427, 0.750539362, -0.288231105, 0.594654024) + game.Workspace.vis.armA.Position
 armA[42] = CFrame.new(0.329427481, -0.597944915, 0.0700685084, 0.100026779, -0.882676721, -0.459212601, 0.56083256, 0.43124193, -0.706751108, 0.821864545, -0.186847255, 0.538169563) + game.Workspace.vis.armA.Position
 armA[43] = CFrame.new(0.314771831, -0.603800178, 0.0340561792, 0.094726868, -0.916456819, -0.388759315, 0.509461999, 0.380130529, -0.771977484, 0.855263233, -0.12493109, 0.502908468) + game.Workspace.vis.armA.Position
 armA[44] = CFrame.new(0.294648707, -0.612711072, -0.0156717673, 0.103940167, -0.953964233, -0.281333774, 0.427301407, 0.298261404, -0.853494823, 0.898114562, -0.0315018669, 0.438631535) + game.Workspace.vis.armA.Position
 armA[45] = CFrame.new(0.292823523, -0.619735956, -0.021791026, 0.142814696, -0.959521413, -0.242740139, 0.388416111, 0.279913753, -0.877941549, 0.910349905, 0.0310987122, 0.412669361) + game.Workspace.vis.armA.Position
 armA[46] = CFrame.new(0.293958962, -0.625992656, -0.0301361158, 0.193547562, -0.958772659, -0.208073333, 0.35856539, 0.266539812, -0.894643903, 0.91321981, 0.0985480919, 0.395370871) + game.Workspace.vis.armA.Position
 armA[47] = CFrame.new(0.304216713, -0.630921483, -0.0447020233, 0.277007461, -0.943661034, -0.181026921, 0.355579674, 0.275698453, -0.893058419, 0.892653286, 0.183014333, 0.41191715) + game.Workspace.vis.armA.Position
 armA[48] = CFrame.new(0.317803055, -0.634066939, -0.0633861572, 0.377897054, -0.909450293, -0.173475564, 0.380311042, 0.323311806, -0.866506159, 0.844130993, 0.261475503, 0.468052566) + game.Workspace.vis.armA.Position
 armA[49] = CFrame.new(0.336815089, -0.634767532, -0.0854515731, 0.497220099, -0.844253004, -0.200022444, 0.448698103, 0.447531492, -0.773553789, 0.74259156, 0.294876844, 0.60133642) + game.Workspace.vis.armA.Position
 armA[50] = CFrame.new(0.366557479, -0.643113375, -0.125411212, 0.693223059, -0.696434319, -0.185529068, 0.500036836, 0.650135159, -0.572090209, 0.519042194, 0.303814769, 0.798931539) + game.Workspace.vis.armA.Position
 armA[51] = CFrame.new(0.388542473, -0.650467873, -0.156027168, 0.81528616, -0.566768169, -0.118668325, 0.478236318, 0.774591804, -0.413881093, 0.326494157, 0.280680031, 0.902563214) + game.Workspace.vis.armA.Position
 armA[52] = CFrame.new(0.412239909, -0.668286502, -0.202557296, 0.937506437, -0.341500729, 0.0667752773, 0.34790802, 0.916362762, -0.198089004, 0.00645716675, 0.20894134, 0.977906823) + game.Workspace.vis.armA.Position
 armA[53] = CFrame.new(0.422986925, -0.672667682, -0.248515189, 0.952924728, -0.154041797, 0.261162072, 0.2119423, 0.954360425, -0.210419685, -0.216829345, 0.255865425, 0.94208163) + game.Workspace.vis.armA.Position
 armA[54] = CFrame.new(0.422085643, -0.673651755, -0.278153718, 0.918287933, -0.00767524261, 0.395838708, 0.109715, 0.965588272, -0.235800132, -0.380407453, 0.259961843, 0.887530267) + game.Workspace.vis.armA.Position
 armA[55] = CFrame.new(0.420777291, -0.650637567, -0.315900773, 0.820839345, 0.196421742, 0.536321878, -0.00308784284, 0.940518498, -0.339728236, -0.57115072, 0.277206272, 0.772621214) + game.Workspace.vis.armA.Position
 armA[56] = CFrame.new(0.414634645, -0.626357079, -0.337696284, 0.71783644, 0.342996925, 0.605858088, -0.0670787692, 0.900245965, -0.430183291, -0.692972839, 0.268160999, 0.669237137) + game.Workspace.vis.armA.Position
 armA[57] = CFrame.new(0.412407279, -0.605226457, -0.349202633, 0.661601782, 0.423295915, 0.618953526, -0.0854090303, 0.862598121, -0.498627871, -0.744975328, 0.277028829, 0.60684979) + game.Workspace.vis.armA.Position
 armA[58] = CFrame.new(0.407411933, -0.570012152, -0.363912195, 0.572619677, 0.541383147, 0.615638793, -0.100166813, 0.791518211, -0.602881074, -0.81367892, 0.283554971, 0.507467449) + game.Workspace.vis.armA.Position
 armA[59] = CFrame.new(0.404715955, -0.551681101, -0.371306807, 0.546587586, 0.599415541, 0.584758937, -0.0945993215, 0.738029897, -0.668103933, -0.832041502, 0.309859514, 0.46010226) + game.Workspace.vis.armA.Position
 armA[60] = CFrame.new(0.401801646, -0.534647644, -0.377444744, 0.526311636, 0.647675872, 0.550919175, -0.0857065469, 0.685027063, -0.723458588, -0.845961154, 0.333547354, 0.416047752) + game.Workspace.vis.armA.Position
 armA[61] = CFrame.new(0.397867918, -0.524157405, -0.381621242, 0.524400711, 0.673608482, 0.520822167, -0.0732901096, 0.645111501, -0.760565221, -0.848311543, 0.360669822, 0.387665749) + game.Workspace.vis.armA.Position
 armA[62] = CFrame.new(0.39496097, -0.514893174, -0.384953201, 0.525691986, 0.693304896, 0.49292618, -0.06285014, 0.609523654, -0.790272355, -0.848350048, 0.384459466, 0.363996029) + game.Workspace.vis.armA.Position
 armA[63] = CFrame.new(0.394605309, -0.510010242, -0.386491537, 0.53602165, 0.697973192, 0.474883258, -0.0588621832, 0.592053175, -0.803746462, -0.842149615, 0.402872831, 0.358437538) + game.Workspace.vis.armA.Position
 armA[64] = CFrame.new(0.397797883, -0.51334846, -0.385335863, 0.560601413, 0.688771605, 0.45969528, -0.0698349178, 0.592475891, -0.802555501, -0.825135767, 0.417810977, 0.380243093) + game.Workspace.vis.armA.Position
 armA[65] = CFrame.new(0.411253512, -0.540744662, -0.374419004, 0.626374185, 0.638261199, 0.447524607, -0.121714741, 0.647138357, -0.752593994, -0.769961774, 0.416934997, 0.483036488) + game.Workspace.vis.armA.Position
 armA[66] = CFrame.new(0.420873612, -0.560435176, -0.364420652, 0.673158884, 0.599918962, 0.432381958, -0.156459019, 0.687001407, -0.709612131, -0.722756922, 0.410031736, 0.556323886) + game.Workspace.vis.armA.Position
 armA[67] = CFrame.new(0.444925547, -0.615712047, -0.326491594, 0.803842425, 0.470180988, 0.364372015, -0.217253357, 0.802295327, -0.555988431, -0.553749263, 0.367766052, 0.747067511) + game.Workspace.vis.armA.Position
 armA[68] = CFrame.new(0.46184352, -0.661165237, -0.277925342, 0.902835965, 0.345902771, 0.255418241, -0.237215117, 0.896122873, -0.375090748, -0.358631015, 0.278056324, 0.891105175) + game.Workspace.vis.armA.Position
 armA[69] = CFrame.new(0.466515958, -0.68461597, -0.229830325, 0.978585243, 0.195808381, 0.0634833574, -0.171961218, 0.947175264, -0.270718664, -0.113138825, 0.254004598, 0.960563004) + game.Workspace.vis.armA.Position
 armA[70] = CFrame.new(0.45797959, -0.701087713, -0.175767154, 0.98777312, 0.0537975617, -0.146321923, -0.0796414763, 0.980990887, -0.176957756, 0.134020567, 0.186447382, 0.973280907) + game.Workspace.vis.armA.Position
 armA[71] = CFrame.new(0.430153221, -0.705754519, -0.123326078, 0.901287079, -0.16682896, -0.399812102, 0.0709834173, 0.967275381, -0.24359712, 0.427367449, 0.191170901, 0.883634925) + game.Workspace.vis.armA.Position
 armA[72] = CFrame.new(0.395787358, -0.708667397, -0.0822881088, 0.75706929, -0.343573421, -0.555700779, 0.171628624, 0.925273895, -0.338248134, 0.630388558, 0.160703123, 0.759463489) + game.Workspace.vis.armA.Position

 armB[1] = CFrame.new(-0.442936659, -0.576004505, -0.121517494, 0.491786957, 0.869095504, 0.053088218, -0.731768548, 0.445581704, -0.51572448, -0.471868962, 0.214778244, 0.855108142) + game.Workspace.vis.armB.Position
 armB[2] = CFrame.new(-0.451827586, -0.577132404, -0.131791919, 0.534985363, 0.843755722, 0.0432093404, -0.734948516, 0.490002036, -0.468773603, -0.416703016, 0.21903035, 0.882260859) + game.Workspace.vis.armB.Position
 armB[3] = CFrame.new(-0.475134701, -0.58448112, -0.161503255, 0.653534234, 0.756892979, -0.00245748786, -0.717007577, 0.618048787, -0.322359711, -0.242472947, 0.212435171, 0.946614027) + game.Workspace.vis.armB.Position
 armB[4] = CFrame.new(-0.492981285, -0.596587956, -0.187950999, 0.74913919, 0.658765197, -0.0694185123, -0.659211218, 0.731122971, -0.175783291, -0.0650464296, 0.177447617, 0.981978178) + game.Workspace.vis.armB.Position
 armB[5] = CFrame.new(-0.519641817, -0.601876378, -0.240797251, 0.826996386, 0.489284128, -0.276908219, -0.542198002, 0.824345648, -0.16271311, 0.148655161, 0.284702212, 0.947019637) + game.Workspace.vis.armB.Position
 armB[6] = CFrame.new(-0.529694438, -0.605015635, -0.279436886, 0.844421387, 0.320942342, -0.428892463, -0.431474119, 0.881997406, -0.189501107, 0.31746316, 0.345074713, 0.883255661) + game.Workspace.vis.armB.Position
 armB[7] = CFrame.new(-0.530715883, -0.602682233, -0.314501226, 0.830990195, 0.104774766, -0.546330869, -0.300299972, 0.911199868, -0.2820189, 0.468268275, 0.398418099, 0.788662136) + game.Workspace.vis.armB.Position
 armB[8] = CFrame.new(-0.523142397, -0.593990028, -0.341770023, 0.777362823, -0.110453293, -0.619279563, -0.182300568, 0.902660847, -0.389832973, 0.602057755, 0.415936708, 0.681559324) + game.Workspace.vis.armB.Position
 armB[9] = CFrame.new(-0.512335658, -0.578853786, -0.359990478, 0.713094413, -0.301044524, -0.633141756, -0.0899448991, 0.85636127, -0.508483469, 0.695274293, 0.419544637, 0.583589077) + game.Workspace.vis.armB.Position
 armB[10] = CFrame.new(-0.500448585, -0.560587704, -0.371992648, 0.638195634, -0.461767823, -0.616016924, -0.0193730816, 0.790266812, -0.61245656, 0.769630432, 0.402801305, 0.495398939) + game.Workspace.vis.armB.Position
 armB[11] = CFrame.new(-0.493935943, -0.547793031, -0.377384514, 0.593713999, -0.557131946, -0.580609977, 0.019756319, 0.731419921, -0.681641221, 0.804433584, 0.393229127, 0.445261002) + game.Workspace.vis.armB.Position
 armB[12] = CFrame.new(-0.488697767, -0.534951031, -0.381203681, 0.553456724, -0.634053171, -0.540057778, 0.0485109501, 0.671863437, -0.73908484, 0.831464052, 0.382852674, 0.402605802) + game.Workspace.vis.armB.Position
 armB[13] = CFrame.new(-0.488174438, -0.526675344, -0.383530498, 0.540334225, -0.67195785, -0.506469488, 0.0582738891, 0.630338252, -0.774130404, 0.839430034, 0.388775259, 0.379750937) + game.Workspace.vis.armB.Position
 armB[14] = CFrame.new(-0.487842858, -0.520259261, -0.385146797, 0.52997452, -0.69908613, -0.480005592, 0.0651315227, 0.597919405, -0.798905551, 0.845508516, 0.392136157, 0.362414658) + game.Workspace.vis.armB.Position
 armB[15] = CFrame.new(-0.487842858, -0.520259202, -0.385146797, 0.52997452, -0.69908613, -0.480005592, 0.0651315302, 0.597919405, -0.798905551, 0.845508516, 0.392136157, 0.362414658) + game.Workspace.vis.armB.Position
 armB[16] = CFrame.new(-0.491008759, -0.54121691, -0.379013121, 0.567646682, -0.610903621, -0.551882148, 0.0482054166, 0.693865716, -0.71848923, 0.821859777, 0.381244302, 0.423319459) + game.Workspace.vis.armB.Position
 armB[17] = CFrame.new(-0.499740243, -0.557650566, -0.371998191, 0.611123562, -0.555796802, -0.563575864, 0.0550015941, 0.740100563, -0.670243144, 0.78962189, 0.378603876, 0.482862651) + game.Workspace.vis.armB.Position
 armB[18] = CFrame.new(-0.513952315, -0.57865274, -0.359985679, 0.678779662, -0.468684047, -0.565326035, 0.0551395118, 0.80019623, -0.597198248, 0.732268929, 0.374194235, 0.568999946) + game.Workspace.vis.armB.Position
 armB[19] = CFrame.new(-0.542939961, -0.610363483, -0.329338908, 0.806666434, -0.281499803, -0.519660652, 0.0237866864, 0.894031465, -0.447372258, 0.590528071, 0.348519146, 0.727881074) + game.Workspace.vis.armB.Position
 armB[20] = CFrame.new(-0.567053437, -0.631230175, -0.288429886, 0.912026405, -0.0878994837, -0.400601476, -0.0435744375, 0.950467646, -0.30775395, 0.407810181, 0.298135728, 0.863021433) + game.Workspace.vis.armB.Position
 armB[21] = CFrame.new(-0.581631958, -0.639716148, -0.229776353, 0.980739295, 0.119521469, -0.154483199, -0.153250918, 0.961234093, -0.229222789, 0.121097438, 0.248482555, 0.961036861) + game.Workspace.vis.armB.Position
 armB[22] = CFrame.new(-0.574202776, -0.642414093, -0.167888656, 0.94813931, 0.298663765, 0.108774498, -0.271006078, 0.938406706, -0.214356467, -0.166095227, 0.173761219, 0.970679879) + game.Workspace.vis.armB.Position
 armB[23] = CFrame.new(-0.554869413, -0.644870758, -0.127911687, 0.861282766, 0.420471162, 0.285299987, -0.335579157, 0.892295957, -0.301984459, -0.381547749, 0.164353281, 0.909620464) + game.Workspace.vis.armB.Position
 armB[24] = CFrame.new(-0.504749238, -0.655278146, -0.0671142414, 0.62772882, 0.602468371, 0.492938459, -0.385291666, 0.790703833, -0.47574982, -0.676392496, 0.108716823, 0.728473663) + game.Workspace.vis.armB.Position
 armB[25] = CFrame.new(-0.464475781, -0.667466402, -0.0383892804, 0.434174269, 0.741996527, 0.510816932, -0.363550186, 0.663149357, -0.654266298, -0.82421118, 0.0983579755, 0.557675302) + game.Workspace.vis.armB.Position
 armB[26] = CFrame.new(-0.429628223, -0.680758297, -0.0176507682, 0.27851516, 0.828067064, 0.48655355, -0.314251363, 0.55728364, -0.768557668, -0.907565594, 0.061154861, 0.415433109) + game.Workspace.vis.armB.Position
 armB[27] = CFrame.new(-0.407018244, -0.684646249, -0.00848219544, 0.188184515, 0.891833842, 0.411362559, -0.271532118, 0.449764162, -0.850871623, -0.943852127, 0.0484227724, 0.326800168) + game.Workspace.vis.armB.Position
 armB[28] = CFrame.new(-0.382856697, -0.689907551, 0.000842154026, 0.101068348, 0.941239595, 0.322263032, -0.216357261, 0.336963534, -0.916321635, -0.971069038, 0.0228871144, 0.237700373) + game.Workspace.vis.armB.Position
 armB[29] = CFrame.new(-0.37553677, -0.68033278, 0.003029719, 0.0764374509, 0.965340972, 0.249547884, -0.197672755, 0.259983808, -0.945163429, -0.977283299, 0.0229171142, 0.210694045) + game.Workspace.vis.armB.Position
 armB[30] = CFrame.new(-0.372692257, -0.670837224, 0.003487885, 0.0677829161, 0.978347063, 0.195556581, -0.188904971, 0.205046922, -0.960349262, -0.97965312, 0.0281536467, 0.198713258) + game.Workspace.vis.armB.Position
 armB[31] = CFrame.new(-0.379759073, -0.65549165, -0.000486686826, 0.0895911902, 0.983357668, 0.1580531, -0.202828795, 0.173379481, -0.963742614, -0.975107074, 0.0542852134, 0.214986473) + game.Workspace.vis.armB.Position
 armB[32] = CFrame.new(-0.390728205, -0.639687181, -0.00768536329, 0.130492881, 0.981626928, 0.139212221, -0.236751467, 0.16720283, -0.957074642, -0.962766886, 0.0919327885, 0.254220337) + game.Workspace.vis.armB.Position
 armB[33] = CFrame.new(-0.413435787, -0.624152601, -0.0252160728, 0.231641203, 0.957750022, 0.170462504, -0.323253334, 0.241052851, -0.915096223, -0.917523742, 0.156871364, 0.365433633) + game.Workspace.vis.armB.Position
 armB[34] = CFrame.new(-0.441017389, -0.613482952, -0.0498880297, 0.368815035, 0.905797005, 0.208583742, -0.411055684, 0.360209793, -0.837425888, -0.833671868, 0.223115742, 0.505183816) + game.Workspace.vis.armB.Position
 armB[35] = CFrame.new(-0.48002705, -0.619893789, -0.0929017365, 0.608865261, 0.752117336, 0.252195626, -0.477052122, 0.601164043, -0.641110897, -0.633801579, 0.270039707, 0.72482717) + game.Workspace.vis.armB.Position
 armB[36] = CFrame.new(-0.508261681, -0.634865403, -0.135986984, 0.807760239, 0.557687938, 0.191070125, -0.444833606, 0.789303899, -0.423228711, -0.386841804, 0.256872863, 0.885646522) + game.Workspace.vis.armB.Position
 armB[37] = CFrame.new(-0.528172135, -0.649689794, -0.188018024, 0.936856687, 0.349710941, 0.00132491533, -0.336412579, 0.902253151, -0.269751549, -0.095530495, 0.252272815, 0.96292907) + game.Workspace.vis.armB.Position
 armB[38] = CFrame.new(-0.531336486, -0.663603365, -0.220519245, 0.968260884, 0.190924153, -0.161303535, -0.217882022, 0.960977077, -0.170441985, 0.122467481, 0.200177461, 0.972075522) + game.Workspace.vis.armB.Position
 armB[39] = CFrame.new(-0.53119719, -0.656342208, -0.269934595, 0.929598808, 0.0226761401, -0.367874801, -0.114455834, 0.966520727, -0.229646206, 0.350351185, 0.25558424, 0.901071966) + game.Workspace.vis.armB.Position
 armB[40] = CFrame.new(-0.516090035, -0.637549758, -0.31859982, 0.805850148, -0.191913575, -0.560156167, -0.0124563053, 0.940314651, -0.340078473, 0.591988623, 0.281029701, 0.755362034) + game.Workspace.vis.armB.Position
 armB[41] = CFrame.new(-0.504913688, -0.606822848, -0.346513748, 0.714030504, -0.346590489, -0.608305275, 0.0194337927, 0.878342569, -0.477636576, 0.699844718, 0.329225391, 0.633898973) + game.Workspace.vis.armB.Position
 armB[42] = CFrame.new(-0.493691385, -0.574699223, -0.3659316, 0.62436533, -0.481744111, -0.614890695, 0.0331106968, 0.802793026, -0.595337868, 0.780430436, 0.351348847, 0.517186999) + game.Workspace.vis.armB.Position
 armB[43] = CFrame.new(-0.491598815, -0.559206009, -0.372677058, 0.596205354, -0.544730723, -0.589752078, 0.0402905717, 0.753965795, -0.655676961, 0.801820278, 0.367156684, 0.471465886) + game.Workspace.vis.armB.Position
 armB[44] = CFrame.new(-0.489585042, -0.53492403, -0.381072462, 0.558294535, -0.632923305, -0.536391199, 0.0501307324, 0.671086967, -0.73968184, 0.828126967, 0.386070579, 0.406393021) + game.Workspace.vis.armB.Position
 armB[45] = CFrame.new(-0.49263075, -0.5266307, -0.382987618, 0.564301729, -0.665823758, -0.488100648, 0.0670514479, 0.626239836, -0.776741803, 0.822841167, 0.405588835, 0.398032695) + game.Workspace.vis.armB.Position
 armB[46] = CFrame.new(-0.4972049, -0.519613326, -0.384246141, 0.580977321, -0.687108934, -0.436287194, 0.0867064148, 0.58523041, -0.806217909, 0.809288085, 0.430565506, 0.399582386) + game.Workspace.vis.armB.Position
 armB[47] = CFrame.new(-0.50599587, -0.517046869, -0.383197188, 0.630680442, -0.678361416, -0.37691921, 0.114454955, 0.561690569, -0.819392264, 0.767556071, 0.473634303, 0.431889057) + game.Workspace.vis.armB.Position
 armB[48] = CFrame.new(-0.519233048, -0.524109364, -0.376672447, 0.694811046, -0.636867881, -0.334121227, 0.14934817, 0.582220078, -0.799196541, 0.703514576, 0.505390227, 0.499647945) + game.Workspace.vis.armB.Position
 armB[49] = CFrame.new(-0.539657116, -0.547756791, -0.356666893, 0.778869212, -0.533617616, -0.329567999, 0.177007183, 0.691131115, -0.700718284, 0.601690352, 0.487432003, 0.632754982) + game.Workspace.vis.armB.Position
 armB[50] = CFrame.new(-0.573420644, -0.576745808, -0.309577167, 0.906371534, -0.326700568, -0.26787594, 0.160041392, 0.852304578, -0.497959644, 0.390995532, 0.408465177, 0.82479012) + game.Workspace.vis.armB.Position
 armB[51] = CFrame.new(-0.594472706, -0.585671604, -0.266602844, 0.975174248, -0.134766012, -0.175708085, 0.0675489604, 0.936703503, -0.343545854, 0.210884675, 0.323148191, 0.922552466) + game.Workspace.vis.armB.Position
 armB[52] = CFrame.new(-0.605267107, -0.579902351, -0.194963485, 0.988044977, 0.147533342, 0.0447335057, -0.138515472, 0.976932466, -0.162531435, -0.0676803961, 0.154392064, 0.985688865) + game.Workspace.vis.armB.Position
 armB[53] = CFrame.new(-0.587916732, -0.575260699, -0.157547534, 0.919783413, 0.325501353, 0.219196856, -0.272792876, 0.931879163, -0.23913458, -0.282103598, 0.160156697, 0.945921421) + game.Workspace.vis.armB.Position
 armB[54] = CFrame.new(-0.566567004, -0.572563529, -0.127350494, 0.827714682, 0.451149225, 0.33369562, -0.356166184, 0.88190186, -0.308860451, -0.433628947, 0.136797279, 0.890647233) + game.Workspace.vis.armB.Position
 armB[55] = CFrame.new(-0.521076918, -0.579431415, -0.0910780951, 0.640924633, 0.648709476, 0.41035521, -0.44206813, 0.748978496, -0.493565351, -0.627527833, 0.134933293, 0.766812623) + game.Workspace.vis.armB.Position
 armB[56] = CFrame.new(-0.478289634, -0.588915646, -0.0637185648, 0.473517895, 0.773847044, 0.420644253, -0.464764535, 0.625204682, -0.626987159, -0.748180866, 0.101389185, 0.655702293) + game.Workspace.vis.armB.Position
 armB[57] = CFrame.new(-0.451072752, -0.596971393, -0.0500719249, 0.37486279, 0.838590622, 0.395276457, -0.461995453, 0.538630068, -0.704583406, -0.803764939, 0.0815061107, 0.589337468) + game.Workspace.vis.armB.Position
 armB[58] = CFrame.new(-0.406492352, -0.610395849, -0.0297863632, 0.221938968, 0.915865421, 0.334564865, -0.438913018, 0.400232136, -0.804468393, -0.870688379, 0.0316980481, 0.490812391) + game.Workspace.vis.armB.Position
 armB[59] = CFrame.new(-0.386829793, -0.61200428, -0.0218991861, 0.153101221, 0.942776978, 0.296194375, -0.436233282, 0.333420992, -0.835781574, -0.886713207, -0.00125069544, 0.462317944) + game.Workspace.vis.armB.Position
 armB[60] = CFrame.new(-0.369524777, -0.612330437, -0.0152443498, 0.092335403, 0.959672451, 0.265523702, -0.439311594, 0.278568953, -0.854051888, -0.893576801, -0.0377883874, 0.447316945) + game.Workspace.vis.armB.Position
 armB[61] = CFrame.new(-0.361973375, -0.607001185, -0.0120778754, 0.0569424853, 0.962033331, 0.266926438, -0.472019702, 0.26153332, -0.841901183, -0.879747152, -0.0780546442, 0.468991071) + game.Workspace.vis.armB.Position
 armB[62] = CFrame.new(-0.355281502, -0.600439548, -0.0101518407, 0.0270339753, 0.960031569, 0.278582871, -0.516348422, 0.252038658, -0.818450034, -0.855951726, -0.121719837, 0.502524436) + game.Workspace.vis.armB.Position
 armB[63] = CFrame.new(-0.351927072, -0.590243161, -0.0114035457, 0.0156727992, 0.947505295, 0.319355607, -0.595225692, 0.265476495, -0.758438408, -0.803405762, -0.17820178, 0.568140268) + game.Workspace.vis.armB.Position
 armB[64] = CFrame.new(-0.355591625, -0.579264224, -0.00506682694, 0.0294484347, 0.929382503, 0.367941469, -0.67850852, 0.288890302, -0.675402522, -0.734001994, -0.229761943, 0.639101386) + game.Workspace.vis.armB.Position
 armB[65] = CFrame.new(-0.379563957, -0.567480922, 0.0266774744, 0.113443673, 0.895240068, 0.430901051, -0.773254812, 0.351883918, -0.527498722, -0.623865008, -0.273354828, 0.732167542) + game.Workspace.vis.armB.Position
 armB[66] = CFrame.new(-0.397816777, -0.560632169, 0.0499496348, 0.181424364, 0.865461826, 0.466970235, -0.82643795, 0.391545087, -0.404589653, -0.532996714, -0.31251955, 0.786286354) + game.Workspace.vis.armB.Position
 armB[67] = CFrame.new(-0.457037926, -0.563503981, 0.138154745, 0.379597455, 0.79253763, 0.477273196, -0.833394229, 0.516927898, -0.195549488, -0.401696205, -0.323526651, 0.856720865) + game.Workspace.vis.armB.Position
 armB[68] = CFrame.new(-0.510625184, -0.573097169, 0.228042111, 0.56397438, 0.696974993, 0.442898124, -0.783328533, 0.621294022, 0.0197582617, -0.261398911, -0.358077854, 0.896354198) + game.Workspace.vis.armB.Position
 armB[69] = CFrame.new(-0.557537615, -0.585087836, 0.297706634, 0.71226567, 0.601044178, 0.362523735, -0.686991394, 0.702867508, 0.184445679, -0.143946111, -0.380425036, 0.913540542) + game.Workspace.vis.armB.Position
 armB[70] = CFrame.new(-0.597658694, -0.600403488, 0.369965702, 0.831447124, 0.493988663, 0.254304707, -0.554845691, 0.762137234, 0.333606392, -0.0290173292, -0.418475926, 0.907764196) + game.Workspace.vis.armB.Position
 armB[71] = CFrame.new(-0.583030164, -0.622450829, 0.423473954, 0.940710843, 0.324480802, 0.0988704562, -0.331655324, 0.818653047, 0.468841016, 0.0711893365, -0.473834753, 0.877731621) + game.Workspace.vis.armB.Position
 armB[72] = CFrame.new(-0.548346817, -0.639992416, 0.467592984, 0.984101415, 0.173717439, -0.0369680598, -0.126332074, 0.830962479, 0.541794777, 0.124838263, -0.528510749, 0.83969748) + game.Workspace.vis.armB.Position

 armC[1] = CFrame.new(0.327659458, -0.684659123, -0.429172039, 0.73398602, 0.671949387, -0.0987333357, -0.196027964, 0.0704131126, -0.978066862, -0.650259435, 0.737241983, 0.183403134) + game.Workspace.vis.armC.Position
 armC[2] = CFrame.new(0.339126647, -0.698495388, -0.420850873, 0.756658196, 0.650082052, -0.0697258413, -0.189381108, 0.115848243, -0.975045621, -0.625781894, 0.750981092, 0.210770741) + game.Workspace.vis.armC.Position
 armC[3] = CFrame.new(0.374325514, -0.734492302, -0.391801983, 0.819296896, 0.573203981, 0.0137791336, -0.15879342, 0.249928743, -0.955154657, -0.550942302, 0.780367136, 0.295786858) + game.Workspace.vis.armC.Position
 armC[4] = CFrame.new(0.409040928, -0.761464, -0.357721448, 0.871693015, 0.481812418, 0.0894888192, -0.113464937, 0.376083344, -0.919612408, -0.47673589, 0.7914657, 0.382498026) + game.Workspace.vis.armC.Position
 armC[5] = CFrame.new(0.4546974, -0.762739658, -0.362177193, 0.924829662, 0.286070824, 0.250706226, 0.0955288336, 0.463293105, -0.881041348, -0.368190676, 0.83876282, 0.4011392) + game.Workspace.vis.armC.Position
 armC[6] = CFrame.new(0.49037686, -0.752750993, -0.357347786, 0.928596556, 0.0864117742, 0.360889792, 0.270085722, 0.509544492, -0.81695652, -0.254484057, 0.856094182, 0.449822605) + game.Workspace.vis.armC.Position
 armC[7] = CFrame.new(0.528822064, -0.730100811, -0.339595854, 0.884315372, -0.198630378, 0.42253077, 0.459165484, 0.533931911, -0.709988475, -0.0845774561, 0.82186538, 0.563368499) + game.Workspace.vis.armC.Position
 armC[8] = CFrame.new(0.553885877, -0.697383642, -0.304511786, 0.787810206, -0.475458831, 0.391527712, 0.607022047, 0.491716623, -0.624290705, 0.104303844, 0.729488611, 0.675993443) + game.Workspace.vis.armC.Position
 armC[9] = CFrame.new(0.56388849, -0.6599406, -0.25206691, 0.64885813, -0.710449696, 0.272478074, 0.689834237, 0.398120522, -0.604672432, 0.321110308, 0.580311418, 0.748416305) + game.Workspace.vis.armC.Position
 armC[10] = CFrame.new(0.55436933, -0.630333722, -0.19103618, 0.487955868, -0.863115668, 0.130116686, 0.706741035, 0.303187609, -0.63921392, 0.512265801, 0.403867006, 0.757941425) + game.Workspace.vis.armC.Position
 armC[11] = CFrame.new(0.537215114, -0.614486217, -0.14105171, 0.360275418, -0.931816518, 0.0438159965, 0.661046922, 0.221880794, -0.71678853, 0.658193469, 0.287205696, 0.6959126) + game.Workspace.vis.armC.Position
 armC[12] = CFrame.new(0.514972031, -0.607525647, -0.0955870748, 0.241730496, -0.970214963, -0.0157937668, 0.593248785, 0.160649821, -0.788826823, 0.767868698, 0.181313857, 0.614412785) + game.Workspace.vis.armC.Position
 armC[13] = CFrame.new(0.499446332, -0.607638836, -0.0710137412, 0.179456428, -0.98358041, -0.0191056989, 0.531701088, 0.113313511, -0.83931762, 0.827701271, 0.140462324, 0.543305695) + game.Workspace.vis.armC.Position
 armC[14] = CFrame.new(0.486716747, -0.609127581, -0.0525155738, 0.131127596, -0.991199076, -0.0181606039, 0.481791139, 0.0797256455, -0.872651637, 0.866419494, 0.105679125, 0.488005221) + game.Workspace.vis.armC.Position
 armC[15] = CFrame.new(0.486716747, -0.609127522, -0.0525155738, 0.131127611, -0.991199076, -0.0181606337, 0.481791139, 0.0797257125, -0.872651756, 0.866419554, 0.105679095, 0.488005251) + game.Workspace.vis.armC.Position
 armC[16] = CFrame.new(0.490019619, -0.6692487, 0.00676645525, 0.0962898061, -0.96062243, -0.26063922, 0.452035427, 0.27549845, -0.848389506, 0.886787713, -0.0361269042, 0.460763067) + game.Workspace.vis.armC.Position
 armC[17] = CFrame.new(0.499161899, -0.672003865, 0.0599050373, 0.106478319, -0.945492566, -0.307743549, 0.510744154, 0.317559391, -0.798934519, 0.853113592, -0.072108984, 0.516717911) + game.Workspace.vis.armC.Position
 armC[18] = CFrame.new(0.510927856, -0.67576617, 0.131944209, 0.135926217, -0.91731137, -0.374251276, 0.590431213, 0.37834847, -0.712911963, 0.795559585, -0.124066249, 0.593036652) + game.Workspace.vis.armC.Position
 armC[19] = CFrame.new(0.529129446, -0.681110382, 0.262285799, 0.233047873, -0.84161675, -0.487206459, 0.715514421, 0.487690508, -0.500197113, 0.658580184, -0.232033357, 0.715844035) + game.Workspace.vis.armC.Position
 armC[20] = CFrame.new(0.546174049, -0.68602252, 0.382874846, 0.38096416, -0.742310345, -0.551218331, 0.775651753, 0.581065834, -0.246428072, 0.50322026, -0.333673269, 0.797139585) + game.Workspace.vis.armC.Position
 armC[21] = CFrame.new(0.560876846, -0.707922816, 0.474317282, 0.613230288, -0.597020924, -0.517218113, 0.716671586, 0.695859849, 0.0464829057, 0.332160115, -0.399180233, 0.854590297) + game.Workspace.vis.armC.Position
 armC[22] = CFrame.new(0.556341827, -0.732299924, 0.556663513, 0.812781811, -0.424478382, -0.399003625, 0.551051795, 0.782402337, 0.29015258, 0.189017817, -0.455702424, 0.86983192) + game.Workspace.vis.armC.Position
 armC[23] = CFrame.new(0.519578099, -0.766378343, 0.58539021, 0.930963159, -0.265430391, -0.250707597, 0.346877486, 0.857284307, 0.380446702, 0.113945529, -0.441146553, 0.890172005) + game.Workspace.vis.armC.Position
 armC[24] = CFrame.new(0.424978375, -0.805560648, 0.634914219, 0.999805391, 0.0180879273, -0.00786758866, -0.0129628312, 0.903161824, 0.429104567, 0.0148673104, -0.428919017, 0.903220594) + game.Workspace.vis.armC.Position
 armC[25] = CFrame.new(0.307848424, -0.81851083, 0.653352618, 0.974708319, 0.198781639, 0.102126166, -0.222639561, 0.903340936, 0.366615385, -0.0193783715, -0.380080312, 0.924750566) + game.Workspace.vis.armC.Position
 armC[26] = CFrame.new(0.215279758, -0.821767807, 0.668061495, 0.926750898, 0.334461451, 0.171079919, -0.372668713, 0.875981808, 0.306225032, -0.0474424288, -0.347550392, 0.936460257) + game.Workspace.vis.armC.Position
 armC[27] = CFrame.new(0.136976182, -0.809453845, 0.676308811, 0.882381141, 0.434188813, 0.181338102, -0.46946466, 0.838351965, 0.277072221, -0.031723503, -0.329615146, 0.943582237) + game.Workspace.vis.armC.Position
 armC[28] = CFrame.new(0.0579586178, -0.794263005, 0.683946252, 0.827681422, 0.52904278, 0.187235966, -0.5609411, 0.790000021, 0.247477293, -0.0169903152, -0.309860736, 0.950630188) + game.Workspace.vis.armC.Position
 armC[29] = CFrame.new(0.00610099733, -0.763834834, 0.694762409, 0.771581173, 0.612725258, 0.170968696, -0.634599149, 0.722762942, 0.273673952, 0.0441171229, -0.31965825, 0.946505308) + game.Workspace.vis.armC.Position
 armC[30] = CFrame.new(-0.0303584933, -0.739748299, 0.701740146, 0.727547526, 0.667909324, 0.15675348, -0.679447293, 0.669836938, 0.299449414, 0.0950057656, -0.324369371, 0.941147327) + game.Workspace.vis.armC.Position
 armC[31] = CFrame.new(-0.0520043671, -0.722473025, 0.707523584, 0.702204287, 0.699159443, 0.134480655, -0.695598722, 0.633423865, 0.338993609, 0.151827335, -0.331587344, 0.931127489) + game.Workspace.vis.armC.Position
 armC[32] = CFrame.new(-0.0568212271, -0.710790515, 0.711243629, 0.687382638, 0.718049586, 0.109132245, -0.695249379, 0.607067466, 0.38483417, 0.210079402, -0.340402573, 0.916511178) + game.Workspace.vis.armC.Position
 armC[33] = CFrame.new(-0.0112542808, -0.717528522, 0.712111056, 0.709200621, 0.701793075, 0.0672374964, -0.649426103, 0.613195121, 0.449708283, 0.274372458, -0.362599134, 0.890641153) + game.Workspace.vis.armC.Position
 armC[34] = CFrame.new(0.0530992448, -0.731325448, 0.707477391, 0.744891286, 0.667164862, 0.00527721643, -0.574549377, 0.637424886, 0.51340282, 0.339160502, -0.385461271, 0.858131409) + game.Workspace.vis.armC.Position
 armC[35] = CFrame.new(0.176058978, -0.764217257, 0.688394904, 0.816170037, 0.565197647, -0.120075464, -0.409992307, 0.712911606, 0.568914056, 0.407152176, -0.415100634, 0.813583732) + game.Workspace.vis.armC.Position
 armC[36] = CFrame.new(0.293167502, -0.792868137, 0.663287759, 0.861885965, 0.424371511, -0.277599007, -0.201734349, 0.789176702, 0.580088973, 0.465247929, -0.443969309, 0.765790641) + game.Workspace.vis.armC.Position
 armC[37] = CFrame.new(0.398627967, -0.805945039, 0.617372036, 0.852661073, 0.155346006, -0.498835325, 0.114720702, 0.875804961, 0.468833506, 0.509713888, -0.456982821, 0.728943408) + game.Workspace.vis.armC.Position
 armC[38] = CFrame.new(0.470451534, -0.799325526, 0.585615396, 0.771375656, -0.0498499833, -0.634424806, 0.336307585, 0.878276289, 0.339894414, 0.540256441, -0.475548089, 0.694245875) + game.Workspace.vis.armC.Position
