
 armA[1] = CFrame.new(-0.00138230622, -1.0536294, -0.273605227, 0.977845311, -0.199539557, 0.0632657781, 0.193371162, 0.976799011, 0.0920388997, -0.0801633894, -0.0777661502, 0.993743539) + game.Workspace.vis.armA.Position
 armA[2] = CFrame.new(-0.00130242109, -1.05253243, -0.278148293, 0.976366997, -0.200878486, 0.0797206685, 0.194712639, 0.977686524, 0.0788403451, -0.0937791914, -0.0614545941, 0.993694425) + game.Workspace.vis.armA.Position
 armA[3] = CFrame.new(-0.00126969814, -1.05194139, -0.280678272, 0.975389659, -0.201642379, 0.0891935304, 0.195596233, 0.978031337, 0.0720905662, -0.101770528, -0.0528704226, 0.993402004) + game.Workspace.vis.armA.Position
 armA[4] = CFrame.new(-0.00145975873, -1.04871869, -0.29329738, 0.969347894, -0.204285249, 0.136499628, 0.200877637, 0.978861928, 0.0384377837, -0.141466588, -0.00983995199, 0.989894032) + game.Workspace.vis.armA.Position
 armA[5] = CFrame.new(-0.00287393481, -1.04534698, -0.310971677, 0.95521915, -0.206085101, 0.212333277, 0.208817109, 0.977906406, 0.00972923636, -0.209647104, 0.0350452363, 0.97714889) + game.Workspace.vis.armA.Position
 armA[6] = CFrame.new(-0.00573808327, -1.04140067, -0.328879654, 0.935065806, -0.204512, 0.28952831, 0.219050199, 0.975540698, -0.0183629394, -0.278691202, 0.0805918276, 0.956993222) + game.Workspace.vis.armA.Position
 armA[7] = CFrame.new(-0.00761477463, -1.03852808, -0.337566912, 0.922953486, -0.202747688, 0.327185422, 0.224847138, 0.973908305, -0.0307647586, -0.312411129, 0.101961136, 0.9444592) + game.Workspace.vis.armA.Position
 armA[8] = CFrame.new(-0.0096534919, -1.03564405, -0.345547169, 0.910448015, -0.20044969, 0.361806959, 0.230681598, 0.972126544, -0.0419040024, -0.343322515, 0.121613592, 0.931310773) + game.Workspace.vis.armA.Position
 armA[9] = CFrame.new(-0.0107388683, -1.03471708, -0.345722914, 0.911188424, -0.197321668, 0.361662596, 0.228052706, 0.972659111, -0.0438869298, -0.343114614, 0.122467309, 0.931275606) + game.Workspace.vis.armA.Position
 armA[10] = CFrame.new(-0.0117532797, -1.03392696, -0.34537214, 0.912853241, -0.194153145, 0.359170347, 0.224823684, 0.973348081, -0.0452498794, -0.340812445, 0.122056514, 0.932174325) + game.Workspace.vis.armA.Position
 armA[11] = CFrame.new(-0.0134650748, -1.03448117, -0.343053341, 0.917893648, -0.188362226, 0.349272043, 0.216198012, 0.975440562, -0.0421179533, -0.332760751, 0.114171714, 0.936074376) + game.Workspace.vis.armA.Position
 armA[12] = CFrame.new(-0.0152667314, -1.03511477, -0.340588808, 0.923011661, -0.182270065, 0.338861525, 0.207203448, 0.977536559, -0.0385867059, -0.324216336, 0.105829269, 0.940044641) + game.Workspace.vis.armA.Position
 armA[13] = CFrame.new(-0.0152142271, -1.03562641, -0.335962474, 0.929496288, -0.181287661, 0.321202874, 0.200137913, 0.979412675, -0.0263758302, -0.309808552, 0.088801235, 0.946642995) + game.Workspace.vis.armA.Position
 armA[14] = CFrame.new(-0.0151305404, -1.03606999, -0.331149638, 0.935792983, -0.180296451, 0.3029598, 0.193367139, 0.981034279, -0.0134495199, -0.294789046, 0.0711684227, 0.952908397) + game.Workspace.vis.armA.Position
 armA[15] = CFrame.new(-0.0107872188, -1.03722775, -0.318496734, 0.947434783, -0.196436748, 0.252547026, 0.197829694, 0.980029762, 0.0201275051, -0.251457393, 0.0308918655, 0.967375338) + game.Workspace.vis.armA.Position
 armA[16] = CFrame.new(-0.00688122958, -1.03798056, -0.305126011, 0.956985652, -0.211416319, 0.198700041, 0.204543188, 0.977325499, 0.0547441244, -0.205768377, -0.0117464662, 0.978530169) + game.Workspace.vis.armA.Position
 armA[17] = CFrame.new(-0.00137908012, -1.03937721, -0.28471905, 0.965129793, -0.236169845, 0.112908073, 0.22513175, 0.968940377, 0.102323651, -0.133566916, -0.0733363926, 0.988322616) + game.Workspace.vis.armA.Position
 armA[18] = CFrame.new(0.00232376158, -1.03984499, -0.263721228, 0.966430902, -0.25588733, 0.0230832193, 0.249805436, 0.956851065, 0.148436099, -0.0600701049, -0.137686938, 0.988652587) + game.Workspace.vis.armA.Position
 armA[19] = CFrame.new(0.00419383496, -1.04067421, -0.253986001, 0.964366317, -0.263821095, -0.0199013017, 0.263352871, 0.949998975, 0.167771459, -0.0253554061, -0.167034179, 0.985625029) + game.Workspace.vis.armA.Position
 armA[20] = CFrame.new(0.00563345104, -1.0414145, -0.245060325, 0.961000681, -0.270025253, -0.0596997142, 0.276471615, 0.943095088, 0.184757352, 0.00641337037, -0.194057286, 0.980969191) + game.Workspace.vis.armA.Position
 armA[21] = CFrame.new(0.00654540583, -1.04805923, -0.259230882, 0.966521025, -0.256541699, 0.00485274009, 0.252385706, 0.953931987, 0.162219942, -0.0462453589, -0.155564249, 0.986742616) + game.Workspace.vis.armA.Position
 armA[22] = CFrame.new(0.00624702126, -1.05465615, -0.275072217, 0.968090653, -0.238713667, 0.0762644261, 0.227191687, 0.964461625, 0.13489902, -0.105756335, -0.11326775, 0.987920046) + game.Workspace.vis.armA.Position
 armA[23] = CFrame.new(0.000180609524, -1.06483984, -0.307810009, 0.955689549, -0.192482173, 0.222729355, 0.180403963, 0.98083818, 0.0735587776, -0.23262018, -0.0301181674, 0.972101331) + game.Workspace.vis.armA.Position
 armA[24] = CFrame.new(-0.0115551427, -1.07280803, -0.340630263, 0.921009541, -0.131933555, 0.366517335, 0.140665472, 0.990052938, 0.00291106105, -0.36325562, 0.0488751829, 0.93040669) + game.Workspace.vis.armA.Position
 armA[25] = CFrame.new(-0.019234132, -1.07479763, -0.356462359, 0.895233095, -0.0996661782, 0.434309006, 0.126917914, 0.991326094, -0.0341219008, -0.42714107, 0.0856687427, 0.900117278) + game.Workspace.vis.armA.Position
 armA[26] = CFrame.new(-0.0274426453, -1.07587671, -0.37065196, 0.866645098, -0.0676601976, 0.494316012, 0.116850629, 0.990731716, -0.0692571402, -0.485048622, 0.117782503, 0.866518855) + game.Workspace.vis.armA.Position
 armA[27] = CFrame.new(-0.027503483, -1.07616448, -0.367637098, 0.864312112, -0.0769043714, 0.497041702, 0.11023131, 0.993178606, -0.0380138159, -0.490727782, 0.0876453221, 0.866893768) + game.Workspace.vis.armA.Position
 armA[28] = CFrame.new(-0.0269428901, -1.07625866, -0.363376647, 0.864082336, -0.0890912265, 0.49540329, 0.103693902, 0.99460721, -0.00199687481, -0.4925538, 0.0530957878, 0.868660748) + game.Workspace.vis.armA.Position
 armA[29] = CFrame.new(-0.0254841372, -1.07630908, -0.352460742, 0.869407058, -0.113405146, 0.480906248, 0.0892540663, 0.993338466, 0.0728865564, -0.485968351, -0.0204452574, 0.873737216) + game.Workspace.vis.armA.Position
 armA[30] = CFrame.new(-0.0244315434, -1.07573819, -0.343776762, 0.873855889, -0.131417185, 0.468087047, 0.0784444511, 0.988271832, 0.131015688, -0.479814887, -0.0777699947, 0.87391603) + game.Workspace.vis.armA.Position
 armA[31] = CFrame.new(-0.0219597165, -1.07036281, -0.331264198, 0.888658285, -0.157447532, 0.43069306, 0.0804650635, 0.978176117, 0.191564441, -0.451455027, -0.135579705, 0.881933331) + game.Workspace.vis.armA.Position
 armA[32] = CFrame.new(-0.0201250594, -1.06463575, -0.321725368, 0.901395619, -0.176074654, 0.395579964, 0.0885174274, 0.96922636, 0.229705632, -0.423851907, -0.172039986, 0.889242172) + game.Workspace.vis.armA.Position
 armA[33] = CFrame.new(0.00273241848, -1.05145085, -0.301772118, 0.939783335, -0.19729355, 0.279074699, 0.132596418, 0.963071585, 0.23433128, -0.315000951, -0.183216304, 0.931239009) + game.Workspace.vis.armA.Position
 armA[34] = CFrame.new(0.0242441446, -1.03760529, -0.27996248, 0.964063883, -0.217610851, 0.152401909, 0.179380089, 0.956325412, 0.230790615, -0.195968434, -0.195159107, 0.960993946) + game.Workspace.vis.armA.Position
 armA[35] = CFrame.new(0.060768865, -1.018098, -0.242693886, 0.969057798, -0.239232793, -0.0607836246, 0.246684641, 0.947210789, 0.2047894, 0.00858257711, -0.213447034, 0.976916969) + game.Workspace.vis.armA.Position
 armA[36] = CFrame.new(0.0899810344, -0.999094486, -0.204028949, 0.925895393, -0.257549465, -0.276380271, 0.309301287, 0.936864257, 0.163151056, 0.216911286, -0.236545593, 0.947098494) + game.Workspace.vis.armA.Position
 armA[37] = CFrame.new(0.101185754, -0.988400698, -0.187769204, 0.889194071, -0.267143071, -0.371440887, 0.332558602, 0.934934497, 0.123701632, 0.314226925, -0.233520567, 0.920179069) + game.Workspace.vis.armA.Position
 armA[38] = CFrame.new(0.110112205, -0.978777409, -0.173407629, 0.846558034, -0.276920974, -0.454592377, 0.349829644, 0.933125615, 0.0830393732, 0.40119645, -0.229327559, 0.886820257) + game.Workspace.vis.armA.Position
 armA[39] = CFrame.new(0.115389436, -0.974960566, -0.189373389, 0.874767065, -0.293200672, -0.385766685, 0.339759886, 0.938788295, 0.0569187701, 0.345464587, -0.180858791, 0.920838833) + game.Workspace.vis.armA.Position
 armA[40] = CFrame.new(0.118875772, -0.971050322, -0.208203018, 0.902671635, -0.305452913, -0.303121001, 0.329638302, 0.943605602, 0.0307735503, 0.276626766, -0.127698779, 0.952455044) + game.Workspace.vis.armA.Position
 armA[41] = CFrame.new(0.122611277, -0.964996576, -0.246026561, 0.940746427, -0.313845664, -0.128441304, 0.316882491, 0.948458672, 0.00339779258, 0.12075492, -0.0438972414, 0.99171114) + game.Workspace.vis.armA.Position
 armA[42] = CFrame.new(0.11937508, -0.957538247, -0.286041021, 0.9498896, -0.30735606, 0.0569391027, 0.30917114, 0.950645387, -0.0262004435, -0.0460760444, 0.0424913764, 0.998033822) + game.Workspace.vis.armA.Position
 armA[43] = CFrame.new(0.113781117, -0.944342911, -0.306531608, 0.942109287, -0.300437868, 0.148886248, 0.310285807, 0.949456453, -0.0474890471, -0.127093509, 0.090937078, 0.987713337) + game.Workspace.vis.armA.Position
 armA[44] = CFrame.new(0.106810153, -0.930219769, -0.325277627, 0.927840352, -0.291229486, 0.233018547, 0.3141945, 0.946951866, -0.0675570369, -0.200982779, 0.135895312, 0.970122933) + game.Workspace.vis.armA.Position
 armA[45] = CFrame.new(0.105487078, -0.91001153, -0.326417267, 0.925579131, -0.304328591, 0.225138888, 0.317658484, 0.947884798, -0.0246497095, -0.205904171, 0.0943324268, 0.974014819) + game.Workspace.vis.armA.Position
 armA[46] = CFrame.new(0.104462549, -0.889144123, -0.325850517, 0.924657345, -0.318124324, 0.209297627, 0.320649147, 0.946926177, 0.022693187, -0.205408648, 0.0461276174, 0.977588594) + game.Workspace.vis.armA.Position
 armA[47] = CFrame.new(0.104913391, -0.859157383, -0.323074549, 0.926822841, -0.337779164, 0.164026275, 0.318866581, 0.938667059, 0.131255865, -0.198301569, -0.0693484545, 0.977684617) + game.Workspace.vis.armA.Position
 armA[48] = CFrame.new(0.104356006, -0.827060997, -0.318915665, 0.929910362, -0.349918395, 0.113243222, 0.315764546, 0.917460799, 0.241988838, -0.188572541, -0.189269722, 0.963647902) + game.Workspace.vis.armA.Position
 armA[49] = CFrame.new(0.102809705, -0.79127425, -0.317774594, 0.935444057, -0.346978009, 0.0674587041, 0.317879587, 0.909245014, 0.268749118, -0.154586494, -0.229956001, 0.960845113) + game.Workspace.vis.armA.Position
 armA[50] = CFrame.new(0.100452773, -0.755769074, -0.315484822, 0.940359354, -0.339444429, 0.0224002469, 0.318966299, 0.902688384, 0.28881526, -0.118257195, -0.264445245, 0.957122743) + game.Workspace.vis.armA.Position
 armA[51] = CFrame.new(0.106503926, -0.733229339, -0.311406136, 0.946131527, -0.323594064, -0.0110488608, 0.316276282, 0.916353643, 0.245489553, -0.0693142712, -0.235759899, 0.969336152) + game.Workspace.vis.armA.Position
 armA[52] = CFrame.new(0.112928309, -0.712629676, -0.307256788, 0.950763941, -0.306847781, -0.0435012914, 0.309269071, 0.930321634, 0.197114736, -0.0200140253, -0.200863242, 0.979414821) + game.Workspace.vis.armA.Position
 armA[53] = CFrame.new(0.129244387, -0.708522439, -0.299638778, 0.955454409, -0.283495277, -0.0820806473, 0.293199658, 0.943558335, 0.154050767, 0.0337752178, -0.171254501, 0.984647751) + game.Workspace.vis.armA.Position
 armA[54] = CFrame.new(0.145944029, -0.706463575, -0.293094486, 0.95820266, -0.259239942, -0.121004865, 0.272670388, 0.955566168, 0.112000242, 0.0865932181, -0.140313372, 0.986313283) + game.Workspace.vis.armA.Position
 armA[55] = CFrame.new(0.152905971, -0.700630188, -0.288623631, 0.956092536, -0.239095598, -0.169470742, 0.255643755, 0.963169217, 0.0833747834, 0.143294454, -0.123038128, 0.982002199) + game.Workspace.vis.armA.Position
 armA[56] = CFrame.new(0.158660799, -0.694958806, -0.28478983, 0.950993061, -0.218971282, -0.218320057, 0.23637341, 0.970004618, 0.0567348003, 0.199348181, -0.105559468, 0.974226654) + game.Workspace.vis.armA.Position
 armA[57] = CFrame.new(0.155413568, -0.685280383, -0.28161025, 0.933404982, -0.212153196, -0.289389044, 0.22487846, 0.974324226, 0.0110464394, 0.279615223, -0.0753881633, 0.957147896) + game.Workspace.vis.armA.Position
 armA[58] = CFrame.new(0.150751531, -0.675925493, -0.278852463, 0.909253597, -0.207957789, -0.360570997, 0.209614933, 0.97715795, -0.0349847078, 0.35961017, -0.0437710434, 0.9320755) + game.Workspace.vis.armA.Position
 armA[59] = CFrame.new(0.146195292, -0.671689034, -0.280090749, 0.871275842, -0.221998557, -0.437715679, 0.188113406, 0.974794865, -0.11995092, 0.45331195, 0.0221701562, 0.891076148) + game.Workspace.vis.armA.Position
 armA[60] = CFrame.new(0.141153455, -0.66858089, -0.282313496, 0.825204909, -0.242685333, -0.510039985, 0.157514572, 0.96604383, -0.204813153, 0.542426109, 0.0886740983, 0.835410476) + game.Workspace.vis.armA.Position
 armA[61] = CFrame.new(0.139521658, -0.669114351, -0.295136124, 0.804115772, -0.257236958, -0.5359357, 0.124237761, 0.954341531, -0.271656394, 0.581345737, 0.151859805, 0.79935956) + game.Workspace.vis.armA.Position
 armA[62] = CFrame.new(0.138285697, -0.669736505, -0.309052378, 0.784539342, -0.272831321, -0.55683136, 0.088499628, 0.93807435, -0.334939241, 0.613731086, 0.213493586, 0.760101736) + game.Workspace.vis.armA.Position
 armA[63] = CFrame.new(0.153267637, -0.654981852, -0.332587898, 0.815511405, -0.265266746, -0.514368415, 0.0510450527, 0.918275833, -0.392637312, 0.576485634, 0.29394421, 0.762404859) + game.Workspace.vis.armA.Position
 armA[64] = CFrame.new(0.168501332, -0.637834191, -0.35691756, 0.847992837, -0.251723021, -0.466415882, 0.0173880085, 0.892756343, -0.450204313, 0.529722452, 0.373659849, 0.761427939) + game.Workspace.vis.armA.Position
 armA[65] = CFrame.new(0.196533173, -0.600101352, -0.38451314, 0.910000265, -0.210781217, -0.35703072, -0.00499139726, 0.855496883, -0.517784059, 0.414577812, 0.472965658, 0.777450204) + game.Workspace.vis.armA.Position
 armA[66] = CFrame.new(0.221345037, -0.558513701, -0.410841435, 0.958108008, -0.157383516, -0.239289582, -0.0131164268, 0.81049931, -0.585592568, 0.286106676, 0.564199626, 0.774481654) + game.Workspace.vis.armA.Position
 armA[67] = CFrame.new(0.229491681, -0.537468553, -0.429023147, 0.984127045, -0.109673873, -0.139518917, 0.000538542867, 0.788018346, -0.615651488, 0.177464351, 0.605804205, 0.77556926) + game.Workspace.vis.armA.Position
 armA[68] = CFrame.new(0.234109432, -0.517505169, -0.445785552, 0.997399867, -0.0596949384, -0.0403743982, 0.0199935734, 0.767454684, -0.640791535, 0.0692375228, 0.638318062, 0.766652524) + game.Workspace.vis.armA.Position
 armA[69] = CFrame.new(0.22751826, -0.520256937, -0.455270588, 0.999263108, -0.0362720564, 0.0125465766, 0.035926275, 0.768947005, -0.638302267, 0.0135048851, 0.638282657, 0.76968348) + game.Workspace.vis.armA.Position
 armA[70] = CFrame.new(0.219704077, -0.524888933, -0.464120328, 0.99796325, -0.0151120182, 0.0619742051, 0.051009655, 0.772427976, -0.633050621, -0.0383039415, 0.634922564, 0.771625578) + game.Workspace.vis.armA.Position
 armA[71] = CFrame.new(0.21247901, -0.535340786, -0.469228059, 0.995429337, -0.00691865757, 0.09524896, 0.0645701513, 0.783607841, -0.617891312, -0.0703628436, 0.62121743, 0.780472875) + game.Workspace.vis.armA.Position
 armA[72] = CFrame.new(0.205195919, -0.546350896, -0.474026918, 0.991867959, -0.000139733776, 0.127271205, 0.0772809088, 0.795199096, -0.601403594, -0.101121917, 0.606348515, 0.788743317) + game.Workspace.vis.armA.Position
 armA[73] = CFrame.new(0.199558139, -0.561280787, -0.482513011, 0.983024955, 0.0119051449, 0.183084533, 0.0968334973, 0.813921571, -0.572848022, -0.155836314, 0.580852628, 0.798952579) + game.Workspace.vis.armA.Position
 armA[74] = CFrame.new(0.193652317, -0.576879084, -0.491137117, 0.970402539, 0.0230370238, 0.24039188, 0.114467338, 0.832631826, -0.541868389, -0.212640971, 0.553347468, 0.805351079) + game.Workspace.vis.armA.Position
 armA[75] = CFrame.new(0.185435742, -0.596888065, -0.503736973, 0.938529611, 0.0448252186, 0.342276126, 0.138425559, 0.859450161, -0.492121786, -0.316228688, 0.509250581, 0.800414443) + game.Workspace.vis.armA.Position
 armA[76] = CFrame.new(0.175616682, -0.618465662, -0.515695333, 0.89369756, 0.0635186657, 0.444150716, 0.15491575, 0.885362864, -0.43833077, -0.421076685, 0.460541159, 0.781406641) + game.Workspace.vis.armA.Position
 armA[77] = CFrame.new(0.162008256, -0.645161211, -0.524529755, 0.819089532, 0.0821227729, 0.56775713, 0.164268181, 0.914681077, -0.36928907, -0.549643755, 0.395745218, 0.735715628) + game.Workspace.vis.armA.Position
 armA[78] = CFrame.new(0.146115512, -0.674247563, -0.530625284, 0.725296438, 0.0941515118, 0.681968153, 0.15953882, 0.940650344, -0.299539864, -0.669695735, 0.326055676, 0.667229533) + game.Workspace.vis.armA.Position
 armA[79] = CFrame.new(0.135825589, -0.70401448, -0.53022933, 0.647558033, 0.0995637551, 0.755483806, 0.143111244, 0.957896113, -0.248906195, -0.748456955, 0.269299448, 0.60604459) + game.Workspace.vis.armA.Position
 armA[80] = CFrame.new(0.1252895, -0.73475337, -0.527594745, 0.565037847, 0.101828799, 0.818757117, 0.119418532, 0.971811652, -0.203276962, -0.816376984, 0.212633967, 0.536950111) + game.Workspace.vis.armA.Position
 armA[81] = CFrame.new(0.12683934, -0.76263231, -0.520284295, 0.518071949, 0.105249338, 0.848836839, 0.0920396745, 0.979778409, -0.177659824, -0.850370586, 0.170167238, 0.497908562) + game.Workspace.vis.armA.Position
 armA[82] = CFrame.new(0.128625423, -0.783538282, -0.513999581, 0.48421663, 0.107532501, 0.868315101, 0.0702034533, 0.984444201, -0.161063015, -0.872127175, 0.138948083, 0.469135106) + game.Workspace.vis.armA.Position
 armA[83] = CFrame.new(0.143800929, -0.813494325, -0.499524832, 0.451245666, 0.112032726, 0.885339558, 0.0354164243, 0.989058614, -0.143208832, -0.891696811, 0.095977962, 0.442340612) + game.Workspace.vis.armA.Position
 armA[84] = CFrame.new(0.159316748, -0.836128056, -0.486502469, 0.431386054, 0.115822643, 0.894701779, 0.00791031122, 0.991200984, -0.13212885, -0.902132809, 0.064075917, 0.426674128) + game.Workspace.vis.armA.Position
 armA[85] = CFrame.new(0.176584587, -0.852125704, -0.475436717, 0.421533346, 0.114084423, 0.899607956, -0.00750511885, 0.992459536, -0.122342721, -0.906781852, 0.0448198617, 0.41921103) + game.Workspace.vis.armA.Position
 armA[86] = CFrame.new(0.19393231, -0.867674947, -0.464254081, 0.412380815, 0.111953318, 0.904106438, -0.022090435, 0.99335742, -0.11292921, -0.910743713, 0.0265977979, 0.41211468) + game.Workspace.vis.armA.Position
 armA[87] = CFrame.new(0.207034573, -0.885955215, -0.440570503, 0.401982814, 0.106754549, 0.909402668, -0.0203254521, 0.993975878, -0.107698083, -0.915421605, 0.0248087049, 0.401731014) + game.Workspace.vis.armA.Position
 armA[88] = CFrame.new(0.219665915, -0.903739333, -0.415207684, 0.39130336, 0.101592921, 0.914636731, -0.0173742473, 0.994526029, -0.103033468, -0.920097589, 0.0244262516, 0.39092648) + game.Workspace.vis.armA.Position
 armA[89] = CFrame.new(0.235398278, -0.930232286, -0.360955745, 0.380975187, 0.0983117819, 0.91934365, 0.00452041626, 0.994120836, -0.108181462, -0.924574137, 0.0453702509, 0.378290951) + game.Workspace.vis.armA.Position
 armA[90] = CFrame.new(0.251193255, -0.954580188, -0.302705646, 0.370593786, 0.0957668796, 0.923844695, 0.0279120803, 0.99307251, -0.114139855, -0.928375542, 0.0680858791, 0.365353465) + game.Workspace.vis.armA.Position
 armA[91] = CFrame.new(0.270180404, -0.980017543, -0.224207386, 0.36175105, 0.0954724029, 0.92737329, 0.0638209283, 0.989872813, -0.126802057, -0.930087686, 0.105056584, 0.351994455) + game.Workspace.vis.armA.Position
 armA[92] = CFrame.new(0.28929162, -1.0010072, -0.141962409, 0.353168607, 0.0959790647, 0.930623353, 0.100684762, 0.985047221, -0.139801607, -0.930125952, 0.143073142, 0.338224113) + game.Workspace.vis.armA.Position
 armA[93] = CFrame.new(0.307586581, -1.01665282, -0.0601795763, 0.347278804, 0.0980299711, 0.932624102, 0.13704136, 0.978539109, -0.153885916, -0.927694499, 0.18124938, 0.326391757) + game.Workspace.vis.armA.Position
 armA[94] = CFrame.new(0.325772047, -1.02781117, 0.0230737627, 0.341854811, 0.100553304, 0.934357762, 0.173199743, 0.97048521, -0.167810023, -0.923654199, 0.219197184, 0.314349234) + game.Workspace.vis.armA.Position
 armA[95] = CFrame.new(0.327135712, -1.02846944, 0.0293868184, 0.341459423, 0.100757644, 0.934480309, 0.17590192, 0.969819903, -0.168842763, -0.923289657, 0.222030014, 0.313430697) + game.Workspace.vis.armA.Position
 armA[96] = CFrame.new(0.327135712, -1.02846944, 0.0293868184, 0.341459423, 0.100757644, 0.934480309, 0.17590192, 0.969819903, -0.168842763, -0.923289657, 0.222030014, 0.313430697) + game.Workspace.vis.armA.Position
 armA[97] = CFrame.new(0.361407369, -1.03765821, 0.186692908, 0.344541371, 0.111365914, 0.932142258, 0.237920403, 0.950162172, -0.201459676, -0.908121884, 0.29118681, 0.300873846) + game.Workspace.vis.armA.Position
 armA[98] = CFrame.new(0.362230629, -1.0377363, 0.186954334, 0.354486853, 0.115835018, 0.927858531, 0.237434983, 0.948623002, -0.2091389, -0.904413462, 0.294443011, 0.308771074) + game.Workspace.vis.armA.Position
 armA[99] = CFrame.new(0.367640376, -1.03966117, 0.18906644, 0.394890398, 0.12220569, 0.910564184, 0.229851544, 0.946453035, -0.226703703, -0.88951081, 0.298817843, 0.345656157) + game.Workspace.vis.armA.Position
 armA[100] = CFrame.new(0.373319238, -1.04185581, 0.191590786, 0.436945409, 0.128458455, 0.890268087, 0.220896423, 0.9441154, -0.244644642, -0.87194252, 0.303553402, 0.384150922) + game.Workspace.vis.armA.Position
 armA[101] = CFrame.new(0.385835707, -1.04784548, 0.198375404, 0.509915292, 0.125077233, 0.8510831, 0.197460055, 0.945935845, -0.257322729, -0.837255239, 0.299267739, 0.45764941) + game.Workspace.vis.armA.Position
 armA[102] = CFrame.new(0.398257792, -1.05428922, 0.206615418, 0.581817806, 0.121231556, 0.804233015, 0.172008723, 0.948119879, -0.267360151, -0.794921875, 0.293890059, 0.530780256) + game.Workspace.vis.armA.Position
 armA[103] = CFrame.new(0.425660491, -1.0679903, 0.19093819, 0.718242228, 0.0883502141, 0.690161169, 0.1210576, 0.960909724, -0.24899295, -0.685181141, 0.26238659, 0.67947042) + game.Workspace.vis.armA.Position
 armA[104] = CFrame.new(0.449430615, -1.08147931, 0.178604841, 0.836080968, 0.0594803393, 0.545372069, 0.0730488896, 0.973182857, -0.218126357, -0.543720961, 0.222210169, 0.809314668) + game.Workspace.vis.armA.Position
 armA[105] = CFrame.new(0.472025394, -1.09118402, 0.14600049, 0.936845481, 0.0161279049, 0.349371344, 0.044237107, 0.985448837, -0.164113522, -0.346934497, 0.169204235, 0.922500014) + game.Workspace.vis.armA.Position
 armA[106] = CFrame.new(0.488461345, -1.10169435, 0.096285224, 0.99894464, -0.0310240574, -0.0338706933, 0.0290437359, 0.997924626, -0.0574713349, 0.0355833918, 0.056427002, 0.997772455) + game.Workspace.vis.armA.Position
 armA[107] = CFrame.new(0.487637013, -1.09529078, 0.0553600937, 0.963162005, -0.075315997, -0.258159697, 0.0729276389, 0.997159541, -0.0188291669, 0.258844554, -0.000691384077, 0.965918839) + game.Workspace.vis.armA.Position
 armA[108] = CFrame.new(0.477323323, -1.08690536, 0.0128577948, 0.878742576, -0.110014528, -0.464444011, 0.126809224, 0.99191469, 0.00496864319, 0.460142165, -0.0632619262, 0.885588467) + game.Workspace.vis.armA.Position
 armA[109] = CFrame.new(0.466525644, -1.07396877, -0.0254942328, 0.799510121, -0.170078978, -0.57607007, 0.172993675, 0.983636796, -0.0503163636, 0.575201452, -0.0594280064, 0.815850139) + game.Workspace.vis.armA.Position
 armA[110] = CFrame.new(0.453656018, -1.06211734, -0.063966006, 0.707340717, -0.23369357, -0.667125344, 0.210394219, 0.970599413, -0.116923302, 0.674835682, -0.0576547086, 0.73571223) + game.Workspace.vis.armA.Position
 armA[111] = CFrame.new(0.438398451, -1.05292416, -0.0991859436, 0.62739563, -0.312359273, -0.713306546, 0.212025881, 0.949936152, -0.229490802, 0.749279261, -0.00725784898, 0.66221422) + game.Workspace.vis.armA.Position
 armA[112] = CFrame.new(0.422640324, -1.04504085, -0.134364918, 0.544448435, -0.394878536, -0.740031481, 0.199440777, 0.917897224, -0.343056679, 0.814738631, 0.0391841829, 0.578502715) + game.Workspace.vis.armA.Position
 armA[113] = CFrame.new(0.412327766, -1.04120934, -0.148011044, 0.50476408, -0.445862025, -0.73920238, 0.18582809, 0.892339647, -0.41133666, 0.843019009, 0.0702634156, 0.53327471) + game.Workspace.vis.armA.Position
 armA[114] = CFrame.new(0.402475744, -1.03772068, -0.159824058, 0.468950182, -0.493833452, -0.732266486, 0.169834852, 0.864029646, -0.473929316, 0.866742134, 0.0978848934, 0.489056915) + game.Workspace.vis.armA.Position
 armA[115] = CFrame.new(0.39718312, -1.0337832, -0.157554269, 0.455591023, -0.516135514, -0.725286841, 0.171200871, 0.850348115, -0.497592598, 0.873571515, 0.10252896, 0.475773811) + game.Workspace.vis.armA.Position
 armA[116] = CFrame.new(0.392216682, -1.02979791, -0.154069364, 0.443982035, -0.536056697, -0.717999279, 0.17387554, 0.837617397, -0.51784569, 0.879003525, 0.105071634, 0.465094298) + game.Workspace.vis.armA.Position
 armA[117] = CFrame.new(0.390074462, -1.02253973, -0.147768989, 0.438405454, -0.551703691, -0.709523559, 0.180740356, 0.827421963, -0.53170085, 0.880416632, 0.104861081, 0.462461472) + game.Workspace.vis.armA.Position
 armA[118] = CFrame.new(0.388110161, -1.01502848, -0.141205013, 0.433162659, -0.566826046, -0.700769961, 0.187890321, 0.817202508, -0.544864476, 0.881514311, 0.10434705, 0.460482657) + game.Workspace.vis.armA.Position
 armA[119] = CFrame.new(0.387848884, -1.00847256, -0.137367979, 0.431833506, -0.574611545, -0.695227683, 0.191505522, 0.811639786, -0.551875412, 0.881388426, 0.105178237, 0.460534453) + game.Workspace.vis.armA.Position
 armA[120] = CFrame.new(0.387714624, -1.00203001, -0.133727148, 0.430774033, -0.581746399, -0.689931273, 0.194821358, 0.806420684, -0.55832839, 0.881180286, 0.106099933, 0.460721552) + game.Workspace.vis.armA.Position
 armA[121] = CFrame.new(0.382382691, -0.998628736, -0.13536264, 0.456766725, -0.563339114, -0.688486099, 0.205330104, 0.819805026, -0.534564495, 0.865565479, 0.102804422, 0.490130126) + game.Workspace.vis.armA.Position
 armA[122] = CFrame.new(0.376567364, -0.995566547, -0.137492329, 0.484899193, -0.542663753, -0.685848713, 0.215528131, 0.834173679, -0.507643282, 0.847596645, 0.0983362198, 0.521449685) + game.Workspace.vis.armA.Position
 armA[123] = CFrame.new(0.367726028, -0.995666444, -0.144105971, 0.542440414, -0.502276957, -0.673406661, 0.229023635, 0.859636426, -0.456698596, 0.808273911, 0.0935055912, 0.581334829) + game.Workspace.vis.armA.Position
 armA[124] = CFrame.new(0.351142883, -0.997276127, -0.156587571, 0.640625954, -0.428981006, -0.636846662, 0.24300155, 0.900022864, -0.361813486, 0.728387713, 0.077032268, 0.68082118) + game.Workspace.vis.armA.Position
 armA[125] = CFrame.new(0.343700141, -1.00051463, -0.172139972, 0.731940746, -0.371062905, -0.571467519, 0.238247246, 0.925139785, -0.295558572, 0.638358116, 0.0801806748, 0.765552163) + game.Workspace.vis.armA.Position
 armA[126] = CFrame.new(0.334717423, -1.00493419, -0.188739628, 0.813281119, -0.312006354, -0.49114731, 0.22401315, 0.946912348, -0.23059693, 0.53702116, 0.0775166452, 0.839999557) + game.Workspace.vis.armA.Position
 armA[127] = CFrame.new(0.339542896, -1.00324225, -0.197649345, 0.909566641, -0.275554419, -0.311059833, 0.232081562, 0.957759261, -0.169810146, 0.344712317, 0.0822623074, 0.93509686) + game.Workspace.vis.armA.Position
 armA[128] = CFrame.new(0.338273942, -1.00315106, -0.20761095, 0.964914441, -0.240166306, -0.106114686, 0.228877932, 0.967411995, -0.108299255, 0.128666431, 0.0802120864, 0.988438666) + game.Workspace.vis.armA.Position
 armA[129] = CFrame.new(0.331418991, -1.0013361, -0.203895792, 0.953625441, -0.233026713, 0.190517768, 0.242692769, 0.96967715, -0.0287497342, -0.178041294, 0.0736537576, 0.981262684) + game.Workspace.vis.armA.Position
 armA[130] = CFrame.new(0.309244931, -1.00317574, -0.19596976, 0.848529637, -0.229027525, 0.477015555, 0.232263908, 0.971199989, 0.053140223, -0.475448072, 0.0657023787, 0.877286851) + game.Workspace.vis.armA.Position
 armA[131] = CFrame.new(0.280266315, -1.01509142, -0.184737042, 0.755914927, -0.214601085, 0.618497312, 0.205572158, 0.974769711, 0.0869713426, -0.62155664, 0.0614029467, 0.78095901) + game.Workspace.vis.armA.Position
 armA[132] = CFrame.new(0.248036951, -1.0281055, -0.170470983, 0.648918092, -0.198931292, 0.734391868, 0.173555076, 0.978469968, 0.111691356, -0.740799248, 0.0549789667, 0.669472456) + game.Workspace.vis.armA.Position
 armA[133] = CFrame.new(0.214647263, -1.0421896, -0.166819841, 0.611140788, -0.170438036, 0.772953868, 0.14527905, 0.984105289, 0.102131546, -0.778075218, 0.0498772264, 0.62618804) + game.Workspace.vis.armA.Position
 armA[134] = CFrame.new(0.180950642, -1.05611384, -0.163662314, 0.578277946, -0.140694633, 0.803616583, 0.11784488, 0.989092469, 0.0883666575, -0.807283759, 0.0436016321, 0.588550448) + game.Workspace.vis.armA.Position
 armA[135] = CFrame.new(0.148031265, -1.06314182, -0.164349005, 0.566384375, -0.113108918, 0.816342592, 0.0985736549, 0.992723882, 0.0691565424, -0.818224847, 0.0413006842, 0.573412776) + game.Workspace.vis.armA.Position
 armA[136] = CFrame.new(0.115086034, -1.06944382, -0.165281385, 0.555831552, -0.0856386051, 0.82687211, 0.0802114606, 0.995563388, 0.0491909385, -0.827416182, 0.0389826596, 0.560234785) + game.Workspace.vis.armA.Position
 armA[137] = CFrame.new(0.100614071, -1.07264197, -0.165375993, 0.560587347, -0.062144611, 0.825760245, 0.0627652705, 0.9975003, 0.0324596167, -0.825713277, 0.0336325467, 0.563086629) + game.Workspace.vis.armA.Position
 armA[138] = CFrame.new(0.0876844078, -1.07552028, -0.165404618, 0.566285491, -0.0389288962, 0.823289216, 0.0452663004, 0.99884516, 0.0160942078, -0.822964907, 0.0281533897, 0.567393899) + game.Workspace.vis.armA.Position
 armA[139] = CFrame.new(0.0866771936, -1.08064795, -0.160897136, 0.580031514, -0.0198876932, 0.814351201, 0.0141285062, 0.999797106, 0.0143533647, -0.814471424, 0.00318017602, 0.58019489) + game.Workspace.vis.armA.Position
 armA[140] = CFrame.new(0.0865248293, -1.08584785, -0.155856252, 0.593724668, -0.000729482155, 0.80466789, -0.0182471573, 0.999730229, 0.0143700242, -0.80446142, -0.0232147276, 0.593551278) + game.Workspace.vis.armA.Position
 armA[141] = CFrame.new(0.0889573842, -1.09382045, -0.1466607, 0.617088437, 0.0148423258, 0.786753893, -0.0624326169, 0.99759376, 0.030148983, -0.784413218, -0.0677236617, 0.61653012) + game.Workspace.vis.armA.Position
 armA[142] = CFrame.new(0.0912216753, -1.10163558, -0.136730358, 0.640057206, 0.0314757191, 0.767682433, -0.107030004, 0.993071258, 0.0485197008, -0.760836005, -0.113220513, 0.638991117) + game.Workspace.vis.armA.Position
 armA[143] = CFrame.new(0.0948363543, -1.10786009, -0.128687263, 0.666128576, 0.0476582423, 0.744312704, -0.135273427, 0.989124954, 0.0577305555, -0.733466983, -0.139141828, 0.665331244) + game.Workspace.vis.armA.Position
 armA[144] = CFrame.new(0.0982549116, -1.11379349, -0.120653063, 0.691225886, 0.0645759851, 0.719747663, -0.161706597, 0.984564304, 0.066963166, -0.704313755, -0.162674665, 0.690998673) + game.Workspace.vis.armA.Position
 armA[145] = CFrame.new(0.122295856, -1.1037097, -0.11746037, 0.781721294, 0.0572013594, 0.620998919, -0.124763101, 0.989998102, 0.0658628345, -0.611020327, -0.128964245, 0.781039119) + game.Workspace.vis.armA.Position
 armA[146] = CFrame.new(0.146334186, -1.09209371, -0.112331316, 0.862703741, 0.0419427566, 0.503967166, -0.0823572129, 0.994903147, 0.0581802428, -0.498958349, -0.0916976631, 0.861761093) + game.Workspace.vis.armA.Position
 armA[147] = CFrame.new(0.189155549, -1.05895793, -0.0977288932, 0.970443189, -0.0403208882, 0.237937644, 0.0372972041, 0.999156177, 0.0171979368, -0.238430321, -0.0078150928, 0.971128166) + game.Workspace.vis.armA.Position
 armA[148] = CFrame.new(0.220787972, -1.02469838, -0.0739728212, 0.986995518, -0.151127011, -0.0547762662, 0.147792757, 0.987163544, -0.0605425537, 0.0632227436, 0.0516596138, 0.996661425) + game.Workspace.vis.armA.Position
 armA[149] = CFrame.new(0.227829933, -1.00337744, -0.0468267426, 0.929998517, -0.245986179, -0.273118079, 0.214397907, 0.966586292, -0.140514702, 0.298556924, 0.0721225739, 0.951662779) + game.Workspace.vis.armA.Position
 armA[150] = CFrame.new(0.224541128, -0.985481858, -0.019270435, 0.818560243, -0.339371949, -0.463450044, 0.258338153, 0.938111544, -0.230668694, 0.513050437, 0.0690894723, 0.855573535) + game.Workspace.vis.armA.Position
 armA[151] = CFrame.new(0.211974367, -0.979847193, 0.00234974921, 0.719782293, -0.39600274, -0.570171297, 0.266124129, 0.915990651, -0.300231516, 0.641164124, 0.0643650591, 0.764699757) + game.Workspace.vis.armA.Position
 armA[152] = CFrame.new(0.19604969, -0.976712406, 0.0222864449, 0.608852565, -0.447322786, -0.655134082, 0.261145294, 0.892840803, -0.366931081, 0.749067068, 0.0523217916, 0.66042459) + game.Workspace.vis.armA.Position
 armA[153] = CFrame.new(0.183784366, -0.974813461, 0.0350964665, 0.51380229, -0.489560664, -0.704512239, 0.240357369, 0.870453894, -0.429579169, 0.823550582, 0.0513838828, 0.564910829) + game.Workspace.vis.armA.Position
 armA[154] = CFrame.new(0.170800537, -0.974072635, 0.0462379083, 0.415067673, -0.529635489, -0.73973316, 0.211047173, 0.846953809, -0.487983912, 0.884973407, 0.0464277267, 0.463321149) + game.Workspace.vis.armA.Position
 armA[155] = CFrame.new(0.165940508, -0.972846508, 0.0495776162, 0.375637919, -0.545155942, -0.749467313, 0.19048509, 0.83684063, -0.513238072, 0.906979382, 0.0500292778, 0.418193191) + game.Workspace.vis.armA.Position
 armA[156] = CFrame.new(0.161780789, -0.971672416, 0.0521148294, 0.341415644, -0.5583992, -0.756059468, 0.170057267, 0.827816486, -0.534603179, 0.924400389, 0.0539484322, 0.377589315) + game.Workspace.vis.armA.Position
 armA[157] = CFrame.new(0.161443442, -0.968364835, 0.0525108278, 0.338667482, -0.558581591, -0.757159948, 0.161812454, 0.827300787, -0.537950158, 0.92688787, 0.0596682727, 0.370565295) + game.Workspace.vis.armA.Position
 armA[158] = CFrame.new(0.161456421, -0.964861751, 0.0527398214, 0.338793397, -0.55758822, -0.757835448, 0.154715687, 0.827522159, -0.539694786, 0.928052902, 0.0655958652, 0.36662659) + game.Workspace.vis.armA.Position
 armA[159] = CFrame.new(0.15853332, -0.959679246, 0.0532996133, 0.341468602, -0.554234803, -0.759093583, 0.152694613, 0.829621136, -0.537041068, 0.927406907, 0.0674730837, 0.367918193) + game.Workspace.vis.armA.Position
 armA[160] = CFrame.new(0.155342758, -0.954351366, 0.0539168939, 0.344384491, -0.550662279, -0.760375381, 0.151128829, 0.83187294, -0.53399229, 0.926584959, 0.0689837933, 0.369705081) + game.Workspace.vis.armA.Position
 armA[161] = CFrame.new(0.145645946, -0.950331092, 0.0527772978, 0.35133633, -0.541709661, -0.763618946, 0.155534416, 0.838051796, -0.522951663, 0.923239946, 0.0649627149, 0.378692448) + game.Workspace.vis.armA.Position
 armA[162] = CFrame.new(0.135356963, -0.946425915, 0.0514816269, 0.358700365, -0.532231748, -0.766852915, 0.16038081, 0.844446242, -0.51106602, 0.919571638, 0.0603310466, 0.388262957) + game.Workspace.vis.armA.Position
 armA[163] = CFrame.new(0.108827829, -0.953912497, 0.0122746006, 0.393809378, -0.494267523, -0.774992883, 0.165809721, 0.867491603, -0.469004959, 0.904113531, 0.0561971962, 0.423580676) + game.Workspace.vis.armA.Position
 armA[164] = CFrame.new(0.0806233808, -0.962608933, -0.0303667635, 0.43108049, -0.452802628, -0.780473769, 0.169260025, 0.890194535, -0.42297107, 0.886295915, 0.0502316058, 0.460386932) + game.Workspace.vis.armA.Position
 armA[165] = CFrame.new(0.0436616279, -0.983228028, -0.119578212, 0.515389919, -0.374489844, -0.770798504, 0.160238326, 0.925710976, -0.342611134, 0.841841102, 0.0530667901, 0.537109852) + game.Workspace.vis.armA.Position
 armA[166] = CFrame.new(0.00456846505, -1.00597429, -0.213031441, 0.598607719, -0.289901286, -0.74674356, 0.141369015, 0.955815554, -0.257742524, 0.788469076, 0.04872033, 0.613141656) + game.Workspace.vis.armA.Position
 armA[167] = CFrame.new(-0.00602914765, -1.01824117, -0.275773406, 0.689683914, -0.220319331, -0.689779341, 0.112199783, 0.973598599, -0.198788494, 0.715365171, 0.0597080588, 0.696195126) + game.Workspace.vis.armA.Position
 armA[168] = CFrame.new(-0.0160419811, -1.03045726, -0.336114079, 0.771218002, -0.149901897, -0.61866951, 0.0756517053, 0.986573696, -0.144738495, 0.632059693, 0.0648214817, 0.772203803) + game.Workspace.vis.armA.Position
 armA[169] = CFrame.new(-0.000573132187, -1.03128624, -0.368105799, 0.859580815, -0.0981538892, -0.501484215, 0.0406205952, 0.991398215, -0.124416441, 0.509382546, 0.0865754187, 0.856173992) + game.Workspace.vis.armA.Position
 armA[170] = CFrame.new(0.0133501552, -1.03126788, -0.398508519, 0.928378165, -0.0445522889, -0.368956506, 0.00323177874, 0.993718505, -0.111861676, 0.371622622, 0.102657616, 0.92269057) + game.Workspace.vis.armA.Position
 armA[171] = CFrame.new(0.0285075456, -1.02931988, -0.430548221, 0.982609749, 0.00365333399, -0.185646713, -0.0258266479, 0.99277699, -0.117161036, 0.183877766, 0.119918138, 0.97560674) + game.Workspace.vis.armA.Position
 armA[172] = CFrame.new(0.0371142626, -1.02677023, -0.462718666, 0.99849236, 0.0542534627, 0.00833832286, -0.0527289063, 0.990250289, -0.128934234, -0.015252158, 0.12830016, 0.991618037) + game.Workspace.vis.armA.Position
 armA[173] = CFrame.new(0.0364154205, -1.02543974, -0.48655647, 0.983485222, 0.0868337154, 0.158797845, -0.0645287335, 0.987962782, -0.140590161, -0.169094324, 0.128021419, 0.97725004) + game.Workspace.vis.armA.Position
 armA[174] = CFrame.new(0.0316059664, -1.02392626, -0.50847739, 0.946225822, 0.117393732, 0.301455379, -0.0733923763, 0.985437393, -0.153383911, -0.315071762, 0.12301138, 0.941062152) + game.Workspace.vis.armA.Position
 armA[175] = CFrame.new(0.0274045188, -1.02374172, -0.521165013, 0.909133673, 0.125042006, 0.397291392, -0.074448809, 0.987295508, -0.140374243, -0.409796625, 0.0980412662, 0.906892717) + game.Workspace.vis.armA.Position
 armA[176] = CFrame.new(0.0223633721, -1.02389765, -0.532377183, 0.864795744, 0.128035784, 0.485525638, -0.0763155371, 0.989225507, -0.124934644, -0.496290475, 0.0709898174, 0.865249157) + game.Workspace.vis.armA.Position
 armA[177] = CFrame.new(0.0243280306, -1.02389669, -0.535327375, 0.831531584, 0.106958874, 0.545082629, -0.0756105632, 0.993947685, -0.0796924233, -0.550307453, 0.0250527859, 0.834586203) + game.Workspace.vis.armA.Position
 armA[178] = CFrame.new(0.0268854611, -1.02401423, -0.537377059, 0.796659589, 0.0807514638, 0.599009752, -0.0773606598, 0.996506929, -0.0314507782, -0.599457085, -0.0212842226, 0.800123811) + game.Workspace.vis.armA.Position
 armA[179] = CFrame.new(0.0287488624, -1.02347541, -0.53625524, 0.78240031, 0.0572166406, 0.620142102, -0.0773897171, 0.996984899, 0.00565293431, -0.61794883, -0.0524154902, 0.784469247) + game.Workspace.vis.armA.Position
 armA[180] = CFrame.new(0.0305833872, -1.02280772, -0.534865499, 0.769907296, 0.0334362313, 0.637279093, -0.0777856708, 0.996097088, 0.0417117476, -0.633397281, -0.081685394, 0.769503236) + game.Workspace.vis.armA.Position
 armA[181] = CFrame.new(0.0280831698, -1.02957404, -0.509482563, 0.794701397, 0.00356558478, 0.606990099, -0.0603909791, 0.995485663, 0.0732191503, -0.603988886, -0.0948441327, 0.791329145) + game.Workspace.vis.armA.Position
 armA[182] = CFrame.new(0.0247585755, -1.03670728, -0.481534362, 0.821038783, -0.0262909681, 0.570266604, -0.0399947166, 0.99383533, 0.103401005, -0.569469571, -0.107703865, 0.81492579) + game.Workspace.vis.armA.Position
