
 armA[1] = CFrame.new(0.29241237, -0.360518485, -0.226517797, -0.480259746, -0.860320926, 0.17087464, 0.118884176, 0.129167765, 0.984470606, -0.869032145, 0.493115962, 0.0402444601) + game.Workspace.vis.armA.Position
 armA[2] = CFrame.new(0.294193268, -0.362256765, -0.227264047, -0.470109135, -0.862127662, 0.189032465, 0.127353072, 0.145674795, 0.981101513, -0.873372018, 0.485298723, 0.0413115919) + game.Workspace.vis.armA.Position
 armA[3] = CFrame.new(0.297697425, -0.365865141, -0.228703767, -0.449229866, -0.864589095, 0.225118309, 0.143615454, 0.178814799, 0.973344505, -0.881797552, 0.469586015, 0.0438392758) + game.Workspace.vis.armA.Position
 armA[4] = CFrame.new(0.3077268, -0.377212197, -0.23243618, -0.38729012, -0.868311048, 0.309906721, 0.175734192, 0.260451138, 0.949359119, -0.905054569, 0.422138631, 0.0517218709) + game.Workspace.vis.armA.Position
 armA[5] = CFrame.new(0.324731946, -0.400057614, -0.237483829, -0.273180962, -0.862770617, 0.425439715, 0.201287776, 0.381203771, 0.90231216, -0.94066757, 0.332130373, 0.0695276856) + game.Workspace.vis.armA.Position
 armA[6] = CFrame.new(0.344653964, -0.430199087, -0.240967929, -0.126096874, -0.83162576, 0.540830791, 0.211428881, 0.510126531, 0.833707809, -0.969225168, 0.219475225, 0.111504376) + game.Workspace.vis.armA.Position
 armA[7] = CFrame.new(0.360360831, -0.454672366, -0.241685748, -0.00844702125, -0.795397222, 0.60602951, 0.206377864, 0.59161675, 0.779357314, -0.978435874, 0.131654322, 0.159154952) + game.Workspace.vis.armA.Position
 armA[8] = CFrame.new(0.371995062, -0.481840014, -0.245106474, 0.117096797, -0.75194031, 0.648748159, 0.212590307, 0.657078683, 0.723224163, -0.970099926, 0.0532303676, 0.236797035) + game.Workspace.vis.armA.Position
 armA[9] = CFrame.new(0.37913087, -0.511326671, -0.250825465, 0.249763191, -0.70093298, 0.66806531, 0.225264743, 0.713062346, 0.663926244, -0.941739917, -0.0153327566, 0.335992217) + game.Workspace.vis.armA.Position
 armA[10] = CFrame.new(0.377090782, -0.543664038, -0.259180397, 0.390854806, -0.632108331, 0.669082642, 0.241807133, 0.771888375, 0.587977588, -0.888122678, -0.0680248514, 0.454544604) + game.Workspace.vis.armA.Position
 armA[11] = CFrame.new(0.364995033, -0.576622486, -0.269957244, 0.536146641, -0.543262482, 0.646074712, 0.249719575, 0.833197832, 0.493377656, -0.806341648, -0.103185348, 0.58237952) + game.Workspace.vis.armA.Position
 armA[12] = CFrame.new(0.350991309, -0.597352028, -0.276573509, 0.629672348, -0.466107309, 0.621495426, 0.24500984, 0.878330529, 0.410494328, -0.737212896, -0.106204435, 0.667261362) + game.Workspace.vis.armA.Position
 armA[13] = CFrame.new(0.338495493, -0.608004272, -0.279783368, 0.684112251, -0.408193052, 0.604457438, 0.242119521, 0.908830881, 0.339712262, -0.688017964, -0.0860503316, 0.720573843) + game.Workspace.vis.armA.Position
 armA[14] = CFrame.new(0.329920322, -0.611408532, -0.281173736, 0.709082067, -0.374171644, 0.597660661, 0.239833802, 0.925040245, 0.294585139, -0.66308558, -0.0655458197, 0.745668411) + game.Workspace.vis.armA.Position
 armA[15] = CFrame.new(0.321641028, -0.606835604, -0.2805686, 0.711362898, -0.353407055, 0.607508183, 0.247889727, 0.934993565, 0.253648907, -0.657657444, -0.0298414081, 0.75272578) + game.Workspace.vis.armA.Position
 armA[16] = CFrame.new(0.311859667, -0.600929737, -0.281663418, 0.712147653, -0.334394753, 0.617272973, 0.254739851, 0.94242841, 0.21664764, -0.654181361, 0.00295888633, 0.756331921) + game.Workspace.vis.armA.Position
 armA[17] = CFrame.new(0.294723719, -0.588141322, -0.288330913, 0.707790613, -0.317113161, 0.631246269, 0.260472953, 0.94777298, 0.184065968, -0.656647742, 0.0341424048, 0.753424227) + game.Workspace.vis.armA.Position
 armA[18] = CFrame.new(0.285112828, -0.581712127, -0.292982787, 0.70505625, -0.308418095, 0.638571858, 0.263069302, 0.949973285, 0.168360606, -0.658551633, 0.0492849275, 0.750919938) + game.Workspace.vis.armA.Position
 armA[19] = CFrame.new(0.273687601, -0.575650156, -0.30053699, 0.700992107, -0.301195621, 0.646445155, 0.264891714, 0.951557279, 0.156112075, -0.662150025, 0.0618046597, 0.746818364) + game.Workspace.vis.armA.Position
 armA[20] = CFrame.new(0.261161655, -0.570374727, -0.309722364, 0.696571708, -0.293211788, 0.654839516, 0.26676023, 0.953095138, 0.142998546, -0.666053176, 0.0750763789, 0.742116332) + game.Workspace.vis.armA.Position
 armA[21] = CFrame.new(0.253024787, -0.568606377, -0.316776603, 0.693740845, -0.288125426, 0.660081387, 0.267846048, 0.953970373, 0.134903654, -0.6685673, 0.0832120031, 0.738981485) + game.Workspace.vis.armA.Position
 armA[22] = CFrame.new(0.247161508, -0.567332804, -0.322026104, 0.69155407, -0.28441298, 0.663974524, 0.268645018, 0.954551578, 0.129077703, -0.670509338, 0.0891092569, 0.736530185) + game.Workspace.vis.armA.Position
 armA[23] = CFrame.new(0.23804602, -0.565342069, -0.330654562, 0.687728345, -0.278568476, 0.670395017, 0.269946754, 0.955361605, 0.120053999, -0.673912883, 0.0984063819, 0.732227921) + game.Workspace.vis.armA.Position
 armA[24] = CFrame.new(0.231305912, -0.563900173, -0.337438434, 0.684631169, -0.274028301, 0.675417364, 0.270888448, 0.955925584, 0.113251485, -0.67668277, 0.105427243, 0.728687465) + game.Workspace.vis.armA.Position
 armA[25] = CFrame.new(0.225050196, -0.562588215, -0.344116151, 0.681499898, -0.269615322, 0.680342138, 0.271745235, 0.956422806, 0.106816702, -0.679494143, 0.112084128, 0.725068808) + game.Workspace.vis.armA.Position
 armA[26] = CFrame.new(0.220646918, -0.56166923, -0.349043757, 0.679143786, -0.266460657, 0.683931589, 0.272368342, 0.956740856, 0.102285869, -0.681600451, 0.116814516, 0.722340047) + game.Workspace.vis.armA.Position
 armA[27] = CFrame.new(0.214103669, -0.560308576, -0.357027888, 0.675196707, -0.26168552, 0.689659536, 0.273361623, 0.957153499, 0.0955548733, -0.685115337, 0.124008112, 0.717801571) + game.Workspace.vis.armA.Position
 armA[28] = CFrame.new(0.210468665, -0.559569955, -0.361710161, 0.672864795, -0.258952022, 0.692962348, 0.273920357, 0.957363129, 0.0917795151, -0.687183142, 0.128061324, 0.715108216) + game.Workspace.vis.armA.Position
 armA[29] = CFrame.new(0.205213875, -0.558545291, -0.369211823, 0.669083238, -0.254820973, 0.698135972, 0.2747567, 0.957640409, 0.0862178057, -0.69053334, 0.134130642, 0.710754991) + game.Workspace.vis.armA.Position
 armA[30] = CFrame.new(0.20230861, -0.557990909, -0.373572141, 0.666881502, -0.252513766, 0.701074719, 0.275253236, 0.95776993, 0.0831420347, -0.692462683, 0.137527153, 0.708224297) + game.Workspace.vis.armA.Position
 armA[31] = CFrame.new(0.198983774, -0.557380617, -0.37907362, 0.664100826, -0.249858201, 0.70465678, 0.275906742, 0.957881033, 0.0796196237, -0.694870889, 0.141544044, 0.705067158) + game.Workspace.vis.armA.Position
 armA[32] = CFrame.new(0.195235983, -0.556762815, -0.385621399, 0.660897613, -0.246750444, 0.708751559, 0.276622474, 0.958001912, 0.0755811408, -0.697634935, 0.14610517, 0.701397836) + game.Workspace.vis.armA.Position
 armA[33] = CFrame.new(0.192679644, -0.556423366, -0.390504777, 0.658633828, -0.244513065, 0.711628318, 0.277086705, 0.958087385, 0.0727433115, -0.699588835, 0.149271518, 0.698780179) + game.Workspace.vis.armA.Position
 armA[34] = CFrame.new(0.190372974, -0.55616641, -0.395012796, 0.656655788, -0.242505014, 0.714138985, 0.277549952, 0.958146274, 0.0701550841, -0.701262474, 0.152141467, 0.696479678) + game.Workspace.vis.armA.Position
 armA[35] = CFrame.new(0.188286111, -0.555981398, -0.39919129, 0.654929936, -0.240702063, 0.716330469, 0.278013229, 0.958182454, 0.0677862316, -0.702691555, 0.154754072, 0.694460809) + game.Workspace.vis.armA.Position
 armA[36] = CFrame.new(0.186336339, -0.555860996, -0.402962983, 0.65353632, -0.23905091, 0.718153954, 0.278464615, 0.95820719, 0.0655479953, -0.70380944, 0.157142431, 0.692790508) + game.Workspace.vis.armA.Position
 armA[37] = CFrame.new(0.184507474, -0.555797219, -0.406377912, 0.652435601, -0.237535417, 0.719655991, 0.278905481, 0.958221793, 0.0634244159, -0.704655647, 0.159335688, 0.691427886) + game.Workspace.vis.armA.Position
 armA[38] = CFrame.new(0.182708055, -0.555790186, -0.409409463, 0.651654243, -0.236109316, 0.720832229, 0.279306561, 0.958238661, 0.0613703653, -0.705219507, 0.161340952, 0.690387189) + game.Workspace.vis.armA.Position
 armA[39] = CFrame.new(0.180934548, -0.55583322, -0.412105024, 0.651153326, -0.234763086, 0.721724033, 0.279672265, 0.958257616, 0.0593772382, -0.705537081, 0.163182482, 0.689629555) + game.Workspace.vis.armA.Position
 armA[40] = CFrame.new(0.179118097, -0.555905044, -0.414404213, 0.65097183, -0.23345159, 0.722313046, 0.280025542, 0.95827806, 0.0573474467, -0.705564559, 0.164934516, 0.689184487) + game.Workspace.vis.armA.Position
 armA[41] = CFrame.new(0.17726393, -0.556003034, -0.416355968, 0.651070297, -0.232171416, 0.722636819, 0.280367017, 0.958299458, 0.0552851707, -0.705338061, 0.166608959, 0.689013541) + game.Workspace.vis.armA.Position
 armA[42] = CFrame.new(0.175736532, -0.556131721, -0.417788982, 0.651417792, -0.23053962, 0.722846091, 0.280834168, 0.958316267, 0.0525554419, -0.704831243, 0.168764323, 0.689007759) + game.Workspace.vis.armA.Position
 armA[43] = CFrame.new(0.174805626, -0.556250095, -0.418522745, 0.651842475, -0.229085028, 0.722925782, 0.281265885, 0.958322704, 0.0500692427, -0.70426631, 0.170697123, 0.689109325) + game.Workspace.vis.armA.Position
 armA[44] = CFrame.new(0.173922747, -0.556427121, -0.419326872, 0.652437329, -0.227048978, 0.723031342, 0.281847328, 0.958326459, 0.0466083884, -0.703482449, 0.173375398, 0.689241171) + game.Workspace.vis.armA.Position
 armA[45] = CFrame.new(0.17394796, -0.556648076, -0.419689596, 0.65310365, -0.224768505, 0.723142385, 0.282446563, 0.958328724, 0.0427788943, -0.702623367, 0.176310003, 0.689373136) + game.Workspace.vis.armA.Position
 armA[46] = CFrame.new(0.17394951, -0.556804657, -0.420530379, 0.653576672, -0.223164707, 0.723211646, 0.282881856, 0.958317459, 0.0400680006, -0.702008128, 0.178395927, 0.689463258) + game.Workspace.vis.armA.Position
 armA[47] = CFrame.new(0.173926756, -0.556796014, -0.421346605, 0.653569162, -0.223208264, 0.72320497, 0.282893568, 0.958311915, 0.0401166826, -0.702010393, 0.178370982, 0.689467371) + game.Workspace.vis.armA.Position
 armA[48] = CFrame.new(0.173191369, -0.557250142, -0.423428684, 0.653447926, -0.222700655, 0.723470926, 0.28282541, 0.958355665, 0.0395520329, -0.702150702, 0.178770795, 0.689221025) + game.Workspace.vis.armA.Position
 armA[49] = CFrame.new(0.170674235, -0.55890739, -0.428021938, 0.653046787, -0.220757097, 0.724428117, 0.282541633, 0.958525896, 0.0373929143, -0.70263803, 0.180261791, 0.688335478) + game.Workspace.vis.armA.Position
 armA[50] = CFrame.new(0.166190267, -0.562231362, -0.43551296, 0.652260125, -0.21581623, 0.726622462, 0.281966627, 0.958900511, 0.0316955894, -0.703599155, 0.184209585, 0.686305463) + game.Workspace.vis.armA.Position
 armA[51] = CFrame.new(0.162424177, -0.565258265, -0.441410035, 0.651560724, -0.210810661, 0.728716373, 0.281438708, 0.959230721, 0.0258559808, -0.704457998, 0.188242257, 0.684327245) + game.Workspace.vis.armA.Position
 armA[52] = CFrame.new(0.157402232, -0.569408774, -0.449020803, 0.649915576, -0.20356673, 0.732236445, 0.280054539, 0.959810376, 0.0182641074, -0.706526041, 0.193196088, 0.680805504) + game.Workspace.vis.armA.Position
 armA[53] = CFrame.new(0.15539065, -0.571100771, -0.451815188, 0.648531914, -0.2001293, 0.734407663, 0.278830975, 0.960216105, 0.0154364184, -0.708279371, 0.194764584, 0.678533018) + game.Workspace.vis.armA.Position
 armA[54] = CFrame.new(0.151546001, -0.572321355, -0.454583406, 0.645871758, -0.194163188, 0.738343, 0.273888081, 0.961669505, 0.0133058131, -0.712625444, 0.193629488, 0.674294233) + game.Workspace.vis.armA.Position
 armA[55] = CFrame.new(0.143043756, -0.570512533, -0.454990715, 0.639799416, -0.182443559, 0.746572852, 0.257190943, 0.966232777, 0.0157148913, -0.72423017, 0.181957394, 0.665118158) + game.Workspace.vis.armA.Position
 armA[56] = CFrame.new(0.135433674, -0.568776309, -0.455145687, 0.635319054, -0.173166156, 0.752584338, 0.2435994, 0.969718277, 0.017485179, -0.732822597, 0.172220409, 0.658263743) + game.Workspace.vis.armA.Position
 armA[57] = CFrame.new(0.115838006, -0.564069152, -0.455085516, 0.625297546, -0.151622698, 0.765515208, 0.211057827, 0.977244437, 0.0211602598, -0.751303911, 0.148336485, 0.643069804) + game.Workspace.vis.armA.Position
 armA[58] = CFrame.new(0.101942599, -0.561307907, -0.454910159, 0.619293153, -0.139535084, 0.772661626, 0.192408845, 0.981046438, 0.022950463, -0.761219263, 0.134453833, 0.634403169) + game.Workspace.vis.armA.Position
 armA[59] = CFrame.new(0.0896495581, -0.559458435, -0.454725832, 0.615415514, -0.131820425, 0.777101755, 0.180329949, 0.98331356, 0.0239903927, -0.767297029, 0.125370622, 0.628917694) + game.Workspace.vis.armA.Position
 armA[60] = CFrame.new(0.0801105797, -0.55925858, -0.454627872, 0.613565087, -0.128239766, 0.779161394, 0.174687281, 0.984320462, 0.0244455338, -0.770079374, 0.121110626, 0.626346588) + game.Workspace.vis.armA.Position
 armA[61] = CFrame.new(0.0729864836, -0.560508132, -0.454627812, 0.613565087, -0.128239751, 0.779161394, 0.174687266, 0.984320462, 0.0244455487, -0.770079374, 0.121110633, 0.626346588) + game.Workspace.vis.armA.Position
 armA[62] = CFrame.new(0.0664515793, -0.563170016, -0.454627872, 0.613565028, -0.128239751, 0.779161394, 0.174687266, 0.984320462, 0.0244455487, -0.770079374, 0.121110633, 0.626346529) + game.Workspace.vis.armA.Position
 armA[63] = CFrame.new(0.0604310036, -0.567064703, -0.454627812, 0.613565087, -0.128239751, 0.779161394, 0.174687251, 0.984320462, 0.0244455487, -0.770079374, 0.121110626, 0.626346588) + game.Workspace.vis.armA.Position
 armA[64] = CFrame.new(0.0545837879, -0.571551561, -0.454627812, 0.613565087, -0.128239751, 0.779161394, 0.174687251, 0.984320462, 0.0244455487, -0.770079374, 0.121110626, 0.626346588) + game.Workspace.vis.armA.Position
 armA[65] = CFrame.new(0.0488878489, -0.576555073, -0.454627782, 0.613565087, -0.128239751, 0.779161394, 0.174687266, 0.984320462, 0.0244455338, -0.770079374, 0.121110633, 0.626346588) + game.Workspace.vis.armA.Position
 armA[66] = CFrame.new(0.0445176363, -0.580682695, -0.454627812, 0.613565028, -0.128239736, 0.779161453, 0.174687266, 0.984320462, 0.0244455487, -0.770079434, 0.121110633, 0.626346529) + game.Workspace.vis.armA.Position
 armA[67] = CFrame.new(0.0369649231, -0.588586986, -0.454627872, 0.613565028, -0.128239751, 0.779161334, 0.174687266, 0.984320462, 0.0244455412, -0.770079374, 0.121110633, 0.626346529) + game.Workspace.vis.armA.Position
 armA[68] = CFrame.new(0.0310874283, -0.595606923, -0.454627872, 0.613565087, -0.128239766, 0.779161394, 0.174687281, 0.984320462, 0.0244455338, -0.770079374, 0.121110626, 0.626346588) + game.Workspace.vis.armA.Position
 armA[69] = CFrame.new(0.0239201486, -0.605140746, -0.454627842, 0.613565087, -0.128239766, 0.779161394, 0.174687281, 0.984320462, 0.0244455338, -0.770079374, 0.121110626, 0.626346588) + game.Workspace.vis.armA.Position
 armA[70] = CFrame.new(0.0214546621, -0.608312964, -0.454627842, 0.613565087, -0.128239766, 0.779161394, 0.174687281, 0.984320462, 0.0244455338, -0.770079374, 0.121110626, 0.626346588) + game.Workspace.vis.armA.Position
 armA[71] = CFrame.new(0.0160520375, -0.615027249, -0.454627812, 0.613565028, -0.128239736, 0.779161394, 0.174687266, 0.984320462, 0.0244455412, -0.770079374, 0.12111064, 0.626346529) + game.Workspace.vis.armA.Position
 armA[72] = CFrame.new(0.0131413639, -0.61836499, -0.454627812, 0.613565087, -0.128239751, 0.779161394, 0.174687251, 0.984320462, 0.0244455487, -0.770079374, 0.121110633, 0.626346588) + game.Workspace.vis.armA.Position
 armA[73] = CFrame.new(0.00998234749, -0.621307671, -0.454627872, 0.613565087, -0.128239766, 0.779161394, 0.174687281, 0.984320462, 0.0244455338, -0.770079374, 0.121110626, 0.626346588) + game.Workspace.vis.armA.Position
 armA[74] = CFrame.new(0.00676497817, -0.624057949, -0.454627812, 0.613565028, -0.128239736, 0.779161394, 0.174687266, 0.984320462, 0.0244455412, -0.770079374, 0.12111064, 0.626346529) + game.Workspace.vis.armA.Position
 armA[75] = CFrame.new(0.00542223454, -0.624962628, -0.454627842, 0.613565087, -0.128239766, 0.779161394, 0.174687281, 0.984320462, 0.0244455338, -0.770079374, 0.121110626, 0.626346588) + game.Workspace.vis.armA.Position
 armA[76] = CFrame.new(0.00391852856, -0.625900805, -0.454627782, 0.613565028, -0.128239736, 0.779161394, 0.174687266, 0.984320462, 0.0244455412, -0.770079374, 0.121110633, 0.626346529) + game.Workspace.vis.armA.Position
 armA[77] = CFrame.new(0.00350213051, -0.626041472, -0.454627752, 0.613565147, -0.128239781, 0.779161334, 0.174687296, 0.984320462, 0.0244455412, -0.770079374, 0.121110633, 0.626346648) + game.Workspace.vis.armA.Position
 armA[78] = CFrame.new(0.003593117, -0.624040663, -0.454681933, 0.61353451, -0.128421336, 0.779155612, 0.174622625, 0.984324753, 0.0247335508, -0.770118415, 0.120883286, 0.626342535) + game.Workspace.vis.armA.Position
 armA[79] = CFrame.new(0.00459334254, -0.616782665, -0.454871953, 0.613426924, -0.129059121, 0.77913487, 0.174395442, 0.984339118, 0.0257453099, -0.770255506, 0.120084703, 0.626327515) + game.Workspace.vis.armA.Position
 armA[80] = CFrame.new(0.00602945685, -0.607145846, -0.455173373, 0.613264203, -0.130150899, 0.779081285, 0.174050823, 0.984354317, 0.0274367556, -0.77046299, 0.118773758, 0.626322269) + game.Workspace.vis.armA.Position
 armA[81] = CFrame.new(0.00919258595, -0.587633848, -0.45590049, 0.612888634, -0.13294059, 0.778905869, 0.173250377, 0.984368026, 0.0316845253, -0.770942152, 0.115526639, 0.626340032) + game.Workspace.vis.armA.Position
 armA[82] = CFrame.new(0.0114375651, -0.576437294, -0.45676142, 0.61242485, -0.136047557, 0.778734148, 0.172266066, 0.984374046, 0.0364972576, -0.771531045, 0.111797623, 0.626291633) + game.Workspace.vis.armA.Position
 armA[83] = CFrame.new(0.0129349828, -0.570921123, -0.457589388, 0.611972332, -0.1389485, 0.778577626, 0.171301559, 0.984363914, 0.0410287678, -0.772104681, 0.108263113, 0.626205623) + game.Workspace.vis.armA.Position
 armA[84] = CFrame.new(0.0147864223, -0.565612316, -0.45862332, 0.610984921, -0.145118862, 0.778227389, 0.169162244, 0.98428154, 0.0507335588, -0.773357272, 0.100649275, 0.625929773) + game.Workspace.vis.armA.Position
 armA[85] = CFrame.new(0.0155782402, -0.565530002, -0.459080994, 0.609951377, -0.151482314, 0.777825475, 0.166874811, 0.984102011, 0.0607958138, -0.774669051, 0.0927169845, 0.625532866) + game.Workspace.vis.armA.Position
 armA[86] = CFrame.new(0.0159335136, -0.565502822, -0.459073573, 0.609079719, -0.156965017, 0.777421296, 0.164862767, 0.983865976, 0.0694835559, -0.77578491, 0.0858468413, 0.625130415) + game.Workspace.vis.armA.Position
 armA[87] = CFrame.new(0.0158884525, -0.565544426, -0.458301425, 0.607707381, -0.16581884, 0.776656806, 0.161534935, 0.983323991, 0.0835473984, -0.777559042, 0.074684836, 0.624358952) + game.Workspace.vis.armA.Position
 armA[88] = CFrame.new(0.0154268444, -0.565696359, -0.457879633, 0.605979204, -0.177093625, 0.775517344, 0.157295495, 0.982330799, 0.101411924, -0.779773951, 0.060531877, 0.623128057) + game.Workspace.vis.armA.Position
 armA[89] = CFrame.new(0.0146248341, -0.56590867, -0.458121806, 0.604574263, -0.186335564, 0.77444768, 0.153828889, 0.981263697, 0.116009548, -0.781554103, 0.0489960387, 0.621910572) + game.Workspace.vis.armA.Position
 armA[90] = CFrame.new(0.013266027, -0.566269696, -0.459314644, 0.603183508, -0.193993449, 0.773651242, 0.150247529, 0.980241716, 0.128654376, -0.783323288, 0.0386369824, 0.620412588) + game.Workspace.vis.armA.Position
 armA[91] = CFrame.new(0.0114254653, -0.566785276, -0.461330891, 0.601812065, -0.200277567, 0.77311784, 0.146560684, 0.979301155, 0.139603645, -0.785074711, 0.0292935222, 0.618708014) + game.Workspace.vis.armA.Position
 armA[92] = CFrame.new(0.00956964493, -0.567317426, -0.463281989, 0.600747883, -0.203431875, 0.773121834, 0.143634632, 0.978810072, 0.145944595, -0.786429286, 0.0233711824, 0.617238045) + game.Workspace.vis.armA.Position
 armA[93] = CFrame.new(0.00518652797, -0.568607569, -0.467719316, 0.598871708, -0.204457879, 0.77430594, 0.138329044, 0.978737831, 0.151450872, -0.788807869, 0.0164093859, 0.614420831) + game.Workspace.vis.armA.Position
 armA[94] = CFrame.new(0.000877201557, -0.569999695, -0.472001225, 0.597370923, -0.202191278, 0.776058435, 0.133813038, 0.979260147, 0.152130097, -0.790722489, 0.0129686445, 0.612037361) + game.Workspace.vis.armA.Position
 armA[95] = CFrame.new(-0.00287678838, -0.57128489, -0.475684524, 0.596248925, -0.198468596, 0.777880073, 0.130248666, 0.980036736, 0.150210693, -0.792163074, 0.0117548555, 0.610196173) + game.Workspace.vis.armA.Position
 armA[96] = CFrame.new(-0.00980743766, -0.573826671, -0.482433558, 0.594405055, -0.189448014, 0.781531811, 0.124065466, 0.98182255, 0.143639937, -0.794537783, 0.0115807895, 0.607104301) + game.Workspace.vis.armA.Position
 armA[97] = CFrame.new(-0.0160732567, -0.576264739, -0.488479972, 0.592954636, -0.17920056, 0.785042644, 0.118866928, 0.983721197, 0.134770662, -0.796414137, 0.0134027023, 0.604603171) + game.Workspace.vis.armA.Position
 armA[98] = CFrame.new(-0.0228058696, -0.579028547, -0.494922727, 0.591577291, -0.166877389, 0.788789093, 0.113487482, 0.985839844, 0.123452216, -0.798220932, 0.0164861567, 0.602138937) + game.Workspace.vis.armA.Position
 armA[99] = CFrame.new(-0.0299403667, -0.582100272, -0.501697004, 0.590281904, -0.152714729, 0.792619348, 0.107942484, 0.988054931, 0.109982185, -0.799947381, 0.0206367821, 0.599715233) + game.Workspace.vis.armA.Position
 armA[100] = CFrame.new(-0.0353983045, -0.584569097, -0.506865799, 0.589357913, -0.141630381, 0.795360327, 0.103680536, 0.989631534, 0.099397637, -0.80119133, 0.023882553, 0.597931445) + game.Workspace.vis.armA.Position
 armA[101] = CFrame.new(-0.0447933376, -0.589034915, -0.51574409, 0.58790338, -0.121938676, 0.799687862, 0.0963265598, 0.992092371, 0.0804610401, -0.803175509, 0.0297278762, 0.595000148) + game.Workspace.vis.armA.Position
 armA[102] = CFrame.new(-0.0522048175, -0.592821896, -0.522757053, 0.586781681, -0.106775373, 0.802674413, 0.0903201997, 0.993712723, 0.0661610663, -0.804692209, 0.0336756259, 0.592736423) + game.Workspace.vis.armA.Position
 armA[103] = CFrame.new(-0.0595217645, -0.596798539, -0.529689372, 0.585698068, -0.0921290666, 0.805276394, 0.084209092, 0.995059133, 0.0525940061, -0.806143045, 0.0370074064, 0.590562224) + game.Workspace.vis.armA.Position
 armA[104] = CFrame.new(-0.0647877157, -0.599871039, -0.534707308, 0.584941447, -0.0821656436, 0.806902826, 0.0795654207, 0.995870113, 0.0437291712, -0.807163477, 0.0386225581, 0.589063048) + game.Workspace.vis.armA.Position
 armA[105] = CFrame.new(-0.0713480711, -0.604064524, -0.541046381, 0.583999336, -0.0711375326, 0.808631182, 0.0732698962, 0.996706009, 0.0347668827, -0.808440745, 0.0389444828, 0.587287784) + game.Workspace.vis.armA.Position
 armA[106] = CFrame.new(-0.0788722336, -0.609401882, -0.54841435, 0.582945824, -0.0600563437, 0.810288489, 0.0654138774, 0.997496367, 0.0268709958, -0.809873641, 0.0373397917, 0.585414767) + game.Workspace.vis.armA.Position
 armA[107] = CFrame.new(-0.0828629732, -0.612606525, -0.55241996, 0.582373857, -0.0555917621, 0.81101799, 0.0607274398, 0.997846425, 0.0247910619, -0.810649753, 0.0348133892, 0.584495544) + game.Workspace.vis.armA.Position
 armA[108] = CFrame.new(-0.087725848, -0.616863191, -0.557376206, 0.581670344, -0.0511880964, 0.811812401, 0.0545963123, 0.998224139, 0.0238234103, -0.811590254, 0.0304645896, 0.583432198) + game.Workspace.vis.armA.Position
 armA[109] = CFrame.new(-0.0915031731, -0.620872319, -0.561454833, 0.581008255, -0.0506738424, 0.812318683, 0.0487923473, 0.998433411, 0.0273854434, -0.812433779, 0.0237237811, 0.582570672) + game.Workspace.vis.armA.Position
 armA[110] = CFrame.new(-0.0947263837, -0.624700069, -0.565027416, 0.580427945, -0.0513962209, 0.812688053, 0.0433200747, 0.998541892, 0.0322105289, -0.813158393, 0.0165098011, 0.58180815) + game.Workspace.vis.armA.Position
 armA[111] = CFrame.new(-0.0971077681, -0.628669322, -0.568023026, 0.579820037, -0.0561665446, 0.812806308, 0.0375554189, 0.998403132, 0.0422012806, -0.813878477, 0.00605618954, 0.581003547) + game.Workspace.vis.armA.Position
 armA[112] = CFrame.new(-0.0969743133, -0.629876971, -0.568258166, 0.579506814, -0.0579526871, 0.812904119, 0.0357519984, 0.99831593, 0.0456838608, -0.814182758, 0.00258889794, 0.580602884) + game.Workspace.vis.armA.Position
 armA[113] = CFrame.new(-0.0950914025, -0.629359961, -0.56664145, 0.579314113, -0.0579861999, 0.813039124, 0.0363859609, 0.998311698, 0.0452738106, -0.814291716, 0.00335541368, 0.580446005) + game.Workspace.vis.armA.Position
 armA[114] = CFrame.new(-0.0926020741, -0.628037512, -0.564392447, 0.579296947, -0.0575099587, 0.813085258, 0.0384093001, 0.998325825, 0.0432467759, -0.814211071, 0.00617730618, 0.580536067) + game.Workspace.vis.armA.Position
 armA[115] = CFrame.new(-0.085491389, -0.623475492, -0.557776928, 0.579697967, -0.0553581417, 0.812948823, 0.0459432006, 0.998323023, 0.0352200568, -0.813535213, 0.0169325173, 0.581269205) + game.Workspace.vis.armA.Position
 armA[116] = CFrame.new(-0.080693543, -0.621294439, -0.55388242, 0.58008194, -0.0602264851, 0.812328517, 0.0502201542, 0.998010039, 0.0381308794, -0.813008487, 0.0186761916, 0.581952095) + game.Workspace.vis.armA.Position
 armA[117] = CFrame.new(-0.0767096877, -0.620238125, -0.551246285, 0.580455482, -0.0707771331, 0.811210155, 0.0529955626, 0.997386932, 0.0491001904, -0.812565625, 0.0144900382, 0.582689583) + game.Workspace.vis.armA.Position
 armA[118] = CFrame.new(-0.0740559995, -0.619554162, -0.549538314, 0.580750644, -0.0781482756, 0.810321987, 0.0548667535, 0.996875823, 0.0568172038, -0.812230527, 0.0114630908, 0.583223939) + game.Workspace.vis.armA.Position
 armA[119] = CFrame.new(-0.0725528598, -0.619188368, -0.548636854, 0.580973864, -0.0827832669, 0.809701324, 0.0559585094, 0.996522784, 0.0617326498, -0.811996281, 0.00944471359, 0.583586097) + game.Workspace.vis.armA.Position
 armA[120] = CFrame.new(-0.0714874864, -0.618594468, -0.54775846, 0.581156492, -0.0830588639, 0.80954206, 0.0572432503, 0.996486068, 0.0611453354, -0.811776042, 0.0108058155, 0.583868921) + game.Workspace.vis.armA.Position
 armA[121] = CFrame.new(-0.0457234681, -0.612842321, -0.531724215, 0.610830545, -0.0653645098, 0.789058685, 0.0697270706, 0.997155309, 0.0286254287, -0.788685143, 0.0375334322, 0.61365056) + game.Workspace.vis.armA.Position
 armA[122] = CFrame.new(-0.0284080207, -0.609856844, -0.520414114, 0.63150394, -0.0572999567, 0.773252547, 0.076876387, 0.996978939, 0.0110948682, -0.771552145, 0.0524384081, 0.634001195) + game.Workspace.vis.armA.Position
 armA[123] = CFrame.new(-0.0112928748, -0.607104659, -0.508392632, 0.651990652, -0.0499430746, 0.756580472, 0.0838580877, 0.996456563, -0.00648781657, -0.753575563, 0.0676753968, 0.653868496) + game.Workspace.vis.armA.Position
 armA[124] = CFrame.new(0.0137311518, -0.603489935, -0.48923704, 0.681895673, -0.0400441587, 0.730352402, 0.0938460678, 0.995037556, -0.0330632031, -0.725404084, 0.0910863876, 0.682269931) + game.Workspace.vis.armA.Position
 armA[125] = CFrame.new(0.0495584905, -0.599221051, -0.458044261, 0.724796891, -0.0279783309, 0.688394248, 0.107713491, 0.991490006, -0.0731124878, -0.680490434, 0.127141044, 0.721642554) + game.Workspace.vis.armA.Position
 armA[126] = CFrame.new(0.0773738027, -0.596777618, -0.430317909, 0.758150339, -0.0205640346, 0.651755452, 0.118069425, 0.987310946, -0.106192142, -0.641301572, 0.157461971, 0.750958145) + game.Workspace.vis.armA.Position
 armA[127] = CFrame.new(0.120738953, -0.594887018, -0.379454166, 0.810271144, -0.0131970942, 0.585906506, 0.133385062, 0.977661014, -0.162441909, -0.570674181, 0.209773198, 0.793930888) + game.Workspace.vis.armA.Position
 armA[128] = CFrame.new(0.15237233, -0.595478296, -0.334599257, 0.848481953, -0.0120958611, 0.529085994, 0.143748224, 0.967420518, -0.208408415, -0.509327888, 0.252885938, 0.822577596) + game.Workspace.vis.armA.Position
 armA[129] = CFrame.new(0.173177004, -0.597127676, -0.300126851, 0.873732388, -0.0140626729, 0.486203492, 0.150107399, 0.958588243, -0.242024988, -0.462665439, 0.284447849, 0.839660704) + game.Workspace.vis.armA.Position
 armA[130] = CFrame.new(0.202025414, -0.601903141, -0.242470011, 0.909137726, -0.0220597833, 0.415911078, 0.158101946, 0.942130685, -0.295623869, -0.385321259, 0.334519178, 0.860014319) + game.Workspace.vis.armA.Position
 armA[131] = CFrame.new(0.219615012, -0.607144713, -0.198495433, 0.931111217, -0.0316466391, 0.363359571, 0.162172958, 0.928256631, -0.334723115, -0.326698065, 0.370591581, 0.869442523) + game.Workspace.vis.armA.Position
 armA[132] = CFrame.new(0.233029932, -0.613301396, -0.156928971, 0.948282242, -0.0432151332, 0.314472854, 0.164534539, 0.914132237, -0.370527416, -0.271457374, 0.403106272, 0.8739658) + game.Workspace.vis.armA.Position
 armA[133] = CFrame.new(0.240452617, -0.618153334, -0.128449842, 0.958145082, -0.0524616577, 0.281435192, 0.165381581, 0.903867722, -0.394553065, -0.233681247, 0.424583316, 0.874712527) + game.Workspace.vis.armA.Position
 armA[134] = CFrame.new(0.248143286, -0.625650823, -0.0890865996, 0.969346285, -0.0669008791, 0.236415088, 0.165577382, 0.888774335, -0.427392602, -0.181526721, 0.453436434, 0.87260741) + game.Workspace.vis.armA.Position
 armA[135] = CFrame.new(0.251171261, -0.630687237, -0.065066725, 0.974858522, -0.0765761882, 0.209253654, 0.165082142, 0.878954589, -0.447422177, -0.149662569, 0.4707174, 0.869497776) + game.Workspace.vis.armA.Position
 armA[136] = CFrame.new(0.252002031, -0.633554161, -0.0519917458, 0.977450728, -0.0820682496, 0.194563225, 0.164596871, 0.873296678, -0.45854196, -0.132279679, 0.480226576, 0.867112696) + game.Workspace.vis.armA.Position
 armA[137] = CFrame.new(0.25240171, -0.637496829, -0.037201196, 0.980009556, -0.0883945376, 0.17823489, 0.163923219, 0.866434276, -0.471615255, -0.112740599, 0.491404265, 0.863603711) + game.Workspace.vis.armA.Position
 armA[138] = CFrame.new(0.251742035, -0.64133203, -0.0289612561, 0.981194377, -0.0916444436, 0.169879019, 0.163669601, 0.86156255, -0.480543852, -0.102322213, 0.499311, 0.860359669) + game.Workspace.vis.armA.Position
 armA[139] = CFrame.new(0.251135826, -0.645654678, -0.0217491835, 0.982105196, -0.0944010392, 0.162965849, 0.163500562, 0.856826484, -0.488994867, -0.09347184, 0.506889462, 0.856928289) + game.Workspace.vis.armA.Position
 armA[140] = CFrame.new(0.250728816, -0.652387917, -0.0158570409, 0.982626438, -0.0961424038, 0.158751413, 0.163792938, 0.851469278, -0.498168737, -0.0872768089, 0.515516162, 0.852423489) + game.Workspace.vis.armA.Position
 armA[141] = CFrame.new(0.250567794, -0.655562341, -0.0133579522, 0.982829452, -0.0968227163, 0.157072306, 0.163911283, 0.849042892, -0.502254188, -0.0847315043, 0.519376159, 0.850334644) + game.Workspace.vis.armA.Position
 armA[142] = CFrame.new(0.250555485, -0.657889128, -0.0122263953, 0.982889652, -0.0969125181, 0.156639919, 0.164003402, 0.847569942, -0.504705966, -0.0838509351, 0.521759748, 0.848961592) + game.Workspace.vis.armA.Position
 armA[143] = CFrame.new(0.252868533, -0.658009112, -0.0148995444, 0.980030775, -0.11897286, 0.159327015, 0.183707222, 0.848379016, -0.496492445, -0.076100558, 0.515847385, 0.853293717) + game.Workspace.vis.armA.Position
 armA[144] = CFrame.new(0.25694713, -0.655082881, -0.021332182, 0.973350048, -0.159725353, 0.164552674, 0.220315531, 0.850456655, -0.477686644, -0.063646242, 0.501209795, 0.862981975) + game.Workspace.vis.armA.Position
 armA[145] = CFrame.new(0.26444754, -0.648755193, -0.0335480198, 0.953737676, -0.245005742, 0.174231872, 0.297947496, 0.847675264, -0.438946307, -0.0401476845, 0.47055155, 0.8814587) + game.Workspace.vis.armA.Position
 armA[146] = CFrame.new(0.27092573, -0.641489983, -0.0464030206, 0.924007535, -0.336056679, 0.182416797, 0.381886095, 0.835141063, -0.395856708, -0.0193134546, 0.435437083, 0.900012016) + game.Workspace.vis.armA.Position
 armA[147] = CFrame.new(0.278419614, -0.627386391, -0.0697066933, 0.837832272, -0.511440039, 0.190961123, 0.545823336, 0.777915061, -0.311327845, 0.0106739905, 0.365071535, 0.930918276) + game.Workspace.vis.armA.Position
 armA[148] = CFrame.new(0.278030783, -0.614147604, -0.0908691958, 0.720409036, -0.667487681, 0.188337713, 0.693082631, 0.682909608, -0.230804726, 0.0254416559, 0.296807408, 0.954598427) + game.Workspace.vis.armA.Position
 armA[149] = CFrame.new(0.269768208, -0.60470432, -0.110337757, 0.576854289, -0.797964573, 0.174618617, 0.816289246, 0.555235922, -0.15932627, 0.0301821884, 0.234447375, 0.971660256) + game.Workspace.vis.armA.Position
 armA[150] = CFrame.new(0.253828377, -0.599401534, -0.128632888, 0.411319762, -0.899042547, 0.150128081, 0.911064625, 0.400475442, -0.0978798196, 0.027875524, 0.17703633, 0.983809531) + game.Workspace.vis.armA.Position
 armA[151] = CFrame.new(0.235607177, -0.599391639, -0.144031212, 0.265654176, -0.956218421, 0.122776821, 0.963849425, 0.26071772, -0.0549580604, 0.0205417983, 0.132938236, 0.990911365) + game.Workspace.vis.armA.Position
 armA[152] = CFrame.new(0.217734963, -0.603087664, -0.156518012, 0.143299758, -0.985002458, 0.0961010978, 0.989593565, 0.141331449, -0.0270200428, 0.0130326999, 0.0989729911, 0.995004952) + game.Workspace.vis.armA.Position
 armA[153] = CFrame.new(0.205039054, -0.606833875, -0.165083006, 0.064301528, -0.994972348, 0.076780349, 0.997915328, 0.0636866018, -0.0104330191, 0.00549068488, 0.0772911459, 0.996993423) + game.Workspace.vis.armA.Position
 armA[154] = CFrame.new(0.198152035, -0.609429359, -0.169831365, 0.0236480981, -0.997566223, 0.0655919686, 0.999720275, 0.0235850979, -0.00173453137, 0.00018331199, 0.0656146482, 0.997844934) + game.Workspace.vis.armA.Position
 armA[155] = CFrame.new(0.197195649, -0.612554491, -0.170853615, 0.0182691775, -0.998196363, 0.0571847148, 0.999826372, 0.0184475742, 0.00259327935, -0.00364352181, 0.0571274161, 0.998360217) + game.Workspace.vis.armA.Position
 armA[156] = CFrame.new(0.2013942, -0.616045713, -0.16857408, 0.0431126468, -0.997747481, 0.0513973013, 0.999053955, 0.043348331, 0.00347886118, -0.00569901243, 0.0511986949, 0.998672366) + game.Workspace.vis.armA.Position
 armA[157] = CFrame.new(0.207973391, -0.621873915, -0.163732976, 0.0832185075, -0.995675266, 0.0412984975, 0.996506095, 0.0834397897, 0.00366010517, -0.00709021743, 0.0408496112, 0.999140084) + game.Workspace.vis.armA.Position
 armA[158] = CFrame.new(0.214235187, -0.627916515, -0.158359274, 0.123014316, -0.991922796, 0.0309300683, 0.992379427, 0.123174541, 0.00332259107, -0.00710555073, 0.0302856378, 0.99951601) + game.Workspace.vis.armA.Position
 armA[159] = CFrame.new(0.220924705, -0.635035634, -0.149767116, 0.167714596, -0.985724449, 0.0148041397, 0.985821307, 0.167774066, 0.00286281994, -0.00530570373, 0.0141140968, 0.999886215) + game.Workspace.vis.armA.Position
 armA[160] = CFrame.new(0.224264175, -0.639132321, -0.137991503, 0.192333594, -0.981305063, -0.00694727153, 0.981329083, 0.192321211, 0.00241480814, -0.00103355199, -0.00728200376, 0.999973059) + game.Workspace.vis.armA.Position
 armA[161] = CFrame.new(0.225972265, -0.642246842, -0.121308535, 0.209605828, -0.977056623, -0.0377561897, 0.977768183, 0.209678486, 0.00206950726, 0.00589462556, -0.0373505652, 0.999284744) + game.Workspace.vis.armA.Position
 armA[162] = CFrame.new(0.225142896, -0.642452538, -0.109879583, 0.209392175, -0.976044893, -0.0590862855, 0.977776587, 0.20964013, 0.00204020785, 0.0103955176, -0.0582003817, 0.998250842) + game.Workspace.vis.armA.Position
 armA[163] = CFrame.new(0.223568887, -0.64285332, -0.0939798802, 0.2088487, -0.973908186, -0.0887961388, 0.977806389, 0.209500864, 0.00201511988, 0.0166403335, -0.0872462541, 0.996047795) + game.Workspace.vis.armA.Position
 armA[164] = CFrame.new(0.220576614, -0.643741131, -0.0720591322, 0.207537726, -0.969570994, -0.129846185, 0.97790277, 0.209050477, 0.00202120095, 0.0251847059, -0.127396435, 0.991532028) + game.Workspace.vis.armA.Position
 armA[165] = CFrame.new(0.217353374, -0.644634962, -0.0538857654, 0.2059201, -0.964743972, -0.163908094, 0.978039265, 0.208411098, 0.0020412812, 0.0321909562, -0.160728872, 0.986473501) + game.Workspace.vis.armA.Position
 armA[166] = CFrame.new(0.214397877, -0.645422995, -0.0398642421, 0.204344556, -0.960241139, -0.190211043, 0.978179336, 0.207752809, 0.00206517288, 0.037533816, -0.186482489, 0.98174119) + game.Workspace.vis.armA.Position
 armA[167] = CFrame.new(0.208549947, -0.64695704, -0.0164089948, 0.201240793, -0.951109588, -0.234291628, 0.978443503, 0.206504151, 0.00211128057, 0.0463741347, -0.229665995, 0.972163916) + game.Workspace.vis.armA.Position
 armA[168] = CFrame.new(0.20300433, -0.648416758, 0.00244142115, 0.19829981, -0.942276716, -0.269799441, 0.978687167, 0.205345348, 0.00215470325, 0.0533717349, -0.264476508, 0.962914228) + game.Workspace.vis.armA.Position
 armA[169] = CFrame.new(0.198408425, -0.649592042, 0.0163353235, 0.195831373, -0.934888124, -0.29603079, 0.978895485, 0.204349265, 0.00221171929, 0.0584259704, -0.290216327, 0.955175877) + game.Workspace.vis.armA.Position
 armA[170] = CFrame.new(0.189959347, -0.651763737, 0.0389316231, 0.191165864, -0.921221972, -0.338830203, 0.979310453, 0.202350453, 0.00236412184, 0.0663845614, -0.332271904, 0.940844655) + game.Workspace.vis.armA.Position
 armA[171] = CFrame.new(0.182652742, -0.653644145, 0.056252405, 0.187148854, -0.909290135, -0.371707648, 0.979665995, 0.200619757, 0.00247997604, 0.0723168775, -0.364613503, 0.928346395) + game.Workspace.vis.armA.Position
 armA[172] = CFrame.new(0.176898986, -0.655146718, 0.0687729716, 0.183986098, -0.899842143, -0.395516425, 0.979947627, 0.199238658, 0.00256222719, 0.0764965415, -0.388056755, 0.918455362) + game.Workspace.vis.armA.Position
 armA[173] = CFrame.new(0.166933179, -0.657734334, 0.0886001438, 0.178514495, -0.883387923, -0.433310777, 0.980439365, 0.196802974, 0.00269837375, 0.0828931481, -0.425316632, 0.901240468) + game.Workspace.vis.armA.Position
 armA[174] = CFrame.new(0.158747792, -0.659892678, 0.103432238, 0.173991293, -0.869820833, -0.461669445, 0.980856061, 0.194714025, 0.00280308095, 0.0874553323, -0.453318983, 0.887047589) + game.Workspace.vis.armA.Position
 armA[175] = CFrame.new(0.152564317, -0.661520004, 0.113922089, 0.170603067, -0.859520316, -0.481787682, 0.981169403, 0.193127096, 0.00289310189, 0.090559572, -0.473208874, 0.876283169) + game.Workspace.vis.armA.Position
 armA[176] = CFrame.new(0.144530743, -0.663709283, 0.126733616, 0.166173905, -0.846102059, -0.506455839, 0.981590986, 0.190970168, 0.00303001702, 0.0941542536, -0.49763605, 0.86226052) + game.Workspace.vis.armA.Position
 armA[177] = CFrame.new(0.134598106, -0.666403949, 0.141501799, 0.160740405, -0.829443574, -0.534963489, 0.982109427, 0.188284323, 0.0031655468, 0.0980995819, -0.525901496, 0.844869256) + game.Workspace.vis.armA.Position
 armA[178] = CFrame.new(0.128900468, -0.66798836, 0.149489373, 0.157599345, -0.819879949, -0.550417244, 0.982414782, 0.186683401, 0.00321566826, 0.100117303, -0.541244805, 0.834883451) + game.Workspace.vis.armA.Position
 armA[179] = CFrame.new(0.119290173, -0.670446634, 0.162285984, 0.152457371, -0.803636909, -0.575260103, 0.982908487, 0.184063733, 0.00335715944, 0.103186578, -0.565939903, 0.8179636) + game.Workspace.vis.armA.Position
 armA[180] = CFrame.new(0.111552805, -0.672220349, 0.172027051, 0.148455694, -0.790461361, -0.59424895, 0.983288765, 0.182018235, 0.00352788856, 0.105375484, -0.584842086, 0.804273605) + game.Workspace.vis.armA.Position
 armA[181] = CFrame.new(0.105465919, -0.673410952, 0.179409534, 0.145477921, -0.779998004, -0.608637094, 0.983551025, 0.180593908, 0.00365089439, 0.107068457, -0.599156737, 0.793440282) + game.Workspace.vis.armA.Position
